1 0 45845 0 6172 0 3958 0 35715
2 0 90932 0 12232 0 7270 0 71430
3 124 136672 0 18296 0 11231 124 107145
4 455 182086 0 24354 0 14872 455 142860
5 656 227667 0 30514 0 18578 656 178575
6 1128 273397 0 36544 0 22563 1128 214290
7 1128 318850 0 42763 0 26082 1128 250005
8 1433 364592 0 48853 0 30019 1433 285720
9 1551 409959 0 54872 0 33652 1551 321435
10 1551 455453 0 60954 0 37349 1551 357150
11 2304 501108 0 67062 0 41181 2304 392865
12 2304 546440 0 73018 0 44842 2304 428580
13 2304 591700 0 79027 0 48378 2304 464295
14 2640 637454 0 84975 0 52469 2640 500010
15 2640 683440 0 91066 0 56649 2640 535725
16 2926 729034 0 97027 0 60567 2926 571440
17 3110 774957 0 103249 0 64553 3110 607155
18 3110 820629 0 109269 0 68490 3110 642870
19 3110 865917 0 115340 0 71992 3110 678585
20 3110 911188 0 121526 0 75362 3110 714300
21 3110 956583 0 127481 0 79087 3110 750015
22 3110 1002114 0 133513 0 82871 3110 785730
23 3110 1047161 0 139471 0 86245 3110 821445
24 3296 1092392 0 145494 0 89738 3296 857160
25 3296 1137714 0 151389 0 93450 3296 892875
26 3625 1183062 0 157357 0 97115 3625 928590
27 3625 1228299 0 163361 0 100633 3625 964305
28 3625 1274153 0 169506 0 104627 3625 1000020
29 3625 1319638 0 175543 0 108360 3625 1035735
30 3625 1365067 0 181582 0 112035 3625 1071450
31 3625 1410743 0 187605 0 115973 3625 1107165
32 3625 1456255 0 193655 0 119720 3625 1142880
33 3625 1502093 0 199876 0 123622 3625 1178595
34 3625 1547220 0 205937 0 126973 3625 1214310
35 3998 1592811 0 211962 0 130824 3998 1250025
36 4103 1638581 0 218054 0 134787 4103 1285740
37 4756 1684403 0 224156 0 138792 4756 1321455
38 4892 1730004 0 230233 0 142601 4892 1357170
39 4892 1775497 0 236460 0 146152 4892 1392885
40 5142 1821149 0 242649 0 149900 5142 1428600
41 5142 1866774 0 248698 0 153761 5142 1464315
42 5142 1912306 0 254771 0 157505 5142 1500030
43 5826 1957787 0 260758 0 161284 5826 1535745
44 5826 2003206 0 266883 0 164863 5826 1571460
45 5826 2048935 0 272943 0 168817 5826 1607175
46 5826 2094450 0 278889 0 172671 5826 1642890
47 6014 2140263 0 285010 0 176648 6014 1678605
48 6014 2185854 0 291127 0 180407 6014 1714320
49 6014 2231289 0 297177 0 184077 6014 1750035
50 6014 2276704 0 303271 0 187683 6014 1785750
51 6014 2321919 0 309299 0 191155 6014 1821465
52 6014 2367050 0 315207 0 194663 6014 1857180
53 6014 2412991 0 321282 0 198814 6014 1892895
54 6014 2458431 0 327338 0 202483 6014 1928610
55 6160 2504350 0 333321 0 206704 6160 1964325
56 6160 2549740 0 339373 0 210327 6160 2000040
57 6160 2595051 0 345334 0 213962 6160 2035755
58 6160 2640625 0 351429 0 217726 6160 2071470
59 6160 2685780 0 357450 0 221145 6160 2107185
60 6338 2731097 0 363331 0 224866 6338 2142900
61 6832 2776656 0 369289 0 228752 6832 2178615
62 6832 2821953 0 375279 0 232344 6832 2214330
63 6832 2867204 0 381242 0 235917 6832 2250045
64 6832 2912784 0 387312 0 239712 6832 2285760
65 6832 2958398 0 393331 0 243592 6832 2321475
66 7153 3004077 0 399481 0 247406 7153 2357190
67 7153 3049711 0 405557 0 251249 7153 2392905
68 7447 3095069 0 411516 0 254933 7447 2428620
69 7447 3140377 0 417575 0 258467 7447 2464335
70 7447 3185962 0 423671 0 262241 7447 2500050
71 7447 3231627 0 429643 0 266219 7447 2535765
72 7447 3277059 0 435508 0 270071 7447 2571480
73 7745 3322687 0 441426 0 274066 7745 2607195
74 7745 3368152 0 447489 0 277753 7745 2642910
75 7745 3413391 0 453558 0 281208 7745 2678625
76 8359 3458891 0 459625 0 284926 8359 2714340
77 8482 3504388 0 465681 0 288652 8482 2750055
78 8482 3549892 0 471792 0 292330 8482 2785770
79 8627 3595592 0 477851 0 296256 8627 2821485
80 8886 3641109 0 483886 0 300023 8886 2857200
81 9132 3686636 0 489874 0 303847 9132 2892915
82 9132 3732124 0 495768 0 307726 9132 2928630
83 9132 3777465 0 501717 0 311403 9132 2964345
84 9132 3823348 0 507854 0 315434 9132 3000060
85 9132 3868767 0 513865 0 319127 9132 3035775
86 9132 3914158 0 519873 0 322795 9132 3071490
87 9132 3959658 0 525877 0 326576 9132 3107205
88 9809 4005289 0 532031 0 330338 9809 3142920
89 9809 4050691 0 538062 0 333994 9809 3178635
90 10085 4095841 0 544170 0 337321 10085 3214350
91 10085 4140998 0 550236 0 340697 10085 3250065
92 10085 4186450 0 556440 0 344230 10085 3285780
93 10085 4231753 0 562397 0 347861 10085 3321495
94 10695 4277569 0 568417 0 351942 10695 3357210
95 10695 4322731 0 574404 0 355402 10695 3392925
96 10695 4368211 0 580439 0 359132 10695 3428640
97 10695 4413513 0 586521 0 362637 10695 3464355
98 10695 4458755 0 592493 0 366192 10695 3500070
99 10695 4504481 0 598429 0 370267 10695 3535785
100 10695 4549943 0 604598 0 373845 10695 3571500
101 10695 4595203 0 610627 0 377361 10695 3607215
102 10941 4640790 0 616681 0 381179 10941 3642930
103 11055 4686222 0 622711 0 384866 11055 3678645
104 11055 4731543 0 628778 0 388405 11055 3714360
105 11055 4777101 0 634796 0 392230 11055 3750075
106 11055 4822330 0 640774 0 395766 11055 3785790
107 11264 4867843 0 646788 0 399550 11264 3821505
108 11264 4913262 0 652812 0 403230 11264 3857220
109 11264 4958583 0 658875 0 406773 11264 3892935
110 11264 5003881 0 664920 0 410311 11264 3928650
111 11376 5049223 0 670979 0 413879 11376 3964365
112 11376 5094520 0 676983 0 417457 11376 4000080
113 11376 5139873 0 683043 0 421035 11376 4035795
114 11376 5185281 0 689089 0 424682 11376 4071510
115 11376 5230839 0 695181 0 428433 11376 4107225
116 11376 5276392 0 701142 0 432310 11376 4142940
117 11376 5322020 0 707254 0 436111 11376 4178655
118 11641 5367685 0 713277 0 440038 11641 4214370
119 11641 5413332 0 719466 0 443781 11641 4250085
120 12459 5458874 0 725447 0 447627 12459 4285800
121 12659 5504431 0 731423 0 451493 12659 4321515
122 12769 5550158 0 737657 0 455271 12769 4357230
123 12769 5595609 0 743790 0 458874 12769 4392945
124 12769 5641296 0 749854 0 462782 12769 4428660
125 12769 5686496 0 755903 0 466218 12769 4464375
126 12769 5732000 0 761946 0 469964 12769 4500090
127 12769 5777081 0 767844 0 473432 12769 4535805
128 12769 5822392 0 773895 0 476977 12769 4571520
129 12769 5867686 0 779940 0 480511 12769 4607235
130 12769 5913536 0 786113 0 484473 12769 4642950
131 12902 5958930 0 792027 0 488238 12902 4678665
132 13316 6004476 0 798030 0 492066 13316 4714380
133 13316 6049957 0 803909 0 495953 13316 4750095
134 13316 6095305 0 809938 0 499557 13316 4785810
135 13316 6140327 0 815921 0 502881 13316 4821525
136 13316 6185422 0 821962 0 506220 13316 4857240
137 13316 6230875 0 828056 0 509864 13316 4892955
138 13316 6276573 0 834095 0 513808 13316 4928670
139 13521 6322234 0 840178 0 517671 13521 4964385
140 13521 6368009 0 846244 0 521665 13521 5000100
141 13521 6413489 0 852345 0 525329 13521 5035815
142 13521 6459166 0 858397 0 529239 13521 5071530
143 13521 6504606 0 864491 0 532870 13521 5107245
144 14751 6550487 0 870598 0 536929 14751 5142960
145 14751 6595641 0 876498 0 540468 14751 5178675
146 14949 6641268 0 882649 0 544229 14949 5214390
147 14949 6686559 0 888572 0 547882 14949 5250105
148 14949 6732273 0 894600 0 551853 14949 5285820
149 14949 6777812 0 900575 0 555702 14949 5321535
150 15742 6823591 0 906727 0 559614 15742 5357250
151 15742 6868855 0 912737 0 563153 15742 5392965
152 15742 6914253 0 918748 0 566825 15742 5428680
153 15860 6959671 0 924790 0 570486 15860 5464395
154 15860 7004815 0 930723 0 573982 15860 5500110
155 15860 7050154 0 936876 0 577453 15860 5535825
156 15985 7095857 0 942964 0 581353 15985 5571540
157 15985 7141794 0 949229 0 585310 15985 5607255
158 15985 7187455 0 955250 0 589235 15985 5642970
159 15985 7233154 0 961219 0 593250 15985 5678685
160 15985 7278653 0 967329 0 596924 15985 5714400
161 15985 7324045 0 973375 0 600555 15985 5750115
162 15985 7369295 0 979313 0 604152 15985 5785830
163 15985 7414866 0 985330 0 607991 15985 5821545
164 16032 7460473 0 991436 0 611777 16032 5857260
165 16032 7506106 0 997594 0 615537 16032 5892975
166 16032 7551612 0 1003485 0 619437 16032 5928690
167 16032 7597417 0 1009668 0 623344 16032 5964405
168 16032 7642916 0 1015739 0 627057 16032 6000120
169 16032 7688495 0 1021828 0 630832 16032 6035835
170 16268 7734509 0 1027919 0 635040 16268 6071550
171 16268 7780138 0 1033931 0 638942 16268 6107265
172 16268 7825596 0 1040072 0 642544 16268 6142980
173 16268 7871265 0 1046051 0 646519 16268 6178695
174 16432 7917211 0 1052061 0 650740 16432 6214410
175 16432 7962384 0 1058100 0 654159 16432 6250125
176 16432 8008120 0 1064177 0 658103 16432 6285840
177 16432 8053332 0 1070111 0 661666 16432 6321555
178 16827 8098962 0 1076124 0 665568 16827 6357270
179 16827 8144509 0 1082253 0 669271 16827 6392985
180 17657 8190772 0 1088438 0 673634 17657 6428700
181 17657 8236468 0 1094529 0 677524 17657 6464415
182 17657 8281937 0 1100604 0 681203 17657 6500130
183 17657 8327392 0 1106644 0 684903 17657 6535845
184 17657 8372885 0 1112648 0 688677 17657 6571560
185 17858 8418519 0 1118633 0 692611 17858 6607275
186 17858 8463898 0 1124729 0 696179 17858 6642990
187 17858 8509560 0 1130662 0 700193 17858 6678705
188 17858 8555070 0 1136641 0 704009 17858 6714420
189 17858 8600945 0 1142946 0 707864 17858 6750135
190 18098 8646660 0 1149009 0 711801 18098 6785850
191 18098 8691955 0 1154934 0 715456 18098 6821565
192 18098 8737410 0 1161055 0 719075 18098 6857280
193 18399 8782753 0 1167029 0 722729 18399 6892995
194 18769 8828331 0 1172959 0 726662 18769 6928710
195 18769 8873808 0 1178982 0 730401 18769 6964425
196 18769 8919263 0 1185110 0 734013 18769 7000140
197 19366 8964989 0 1191191 0 737943 19366 7035855
198 19366 9010696 0 1197316 0 741810 19366 7071570
199 20120 9056431 0 1203392 0 745754 20120 7107285
200 20120 9101854 0 1209433 0 749421 20120 7143000
201 20120 9147363 0 1215411 0 753237 20120 7178715
202 20120 9193047 0 1221550 0 757067 20120 7214430
203 20120 9238359 0 1227586 0 760628 20120 7250145
204 20120 9284111 0 1233765 0 764486 20120 7285860
205 20740 9329839 0 1239823 0 768441 20740 7321575
206 20740 9375576 0 1245825 0 772461 20740 7357290
207 21006 9421283 0 1251905 0 776373 21006 7393005
208 21278 9466871 0 1258133 0 780018 21278 7428720
209 21278 9512673 0 1264144 0 784094 21278 7464435
210 21278 9558060 0 1270235 0 787675 21278 7500150
211 21278 9603760 0 1276399 0 791496 21278 7535865
212 21600 9648933 0 1282429 0 794924 21600 7571580
213 21600 9694649 0 1288554 0 798800 21600 7607295
214 21600 9740107 0 1294649 0 802448 21600 7643010
215 21600 9785619 0 1300724 0 806170 21600 7678725
216 21600 9831306 0 1306808 0 810058 21600 7714440
217 21600 9876844 0 1312845 0 813844 21600 7750155
218 21927 9922910 0 1318950 0 818090 21927 7785870
219 21927 9968209 0 1324986 0 821638 21927 7821585
220 22286 10013921 0 1331003 0 825618 22286 7857300
221 22286 10059404 0 1337195 0 829194 22286 7893015
222 22286 10105112 0 1343188 0 833194 22286 7928730
223 22536 10150640 0 1349261 0 836934 22536 7964445
224 22536 10196321 0 1355342 0 840819 22536 8000160
225 22536 10242009 0 1361488 0 844646 22536 8035875
226 22536 10287648 0 1367523 0 848535 22536 8071590
227 22536 10333333 0 1373613 0 852415 22536 8107305
228 22536 10378935 0 1379819 0 856096 22536 8143020
229 22742 10424440 0 1385789 0 859916 22742 8178735
230 22846 10469717 0 1391860 0 863407 22846 8214450
231 22846 10515401 0 1397870 0 867366 22846 8250165
232 22846 10560792 0 1403807 0 871105 22846 8285880
233 23060 10606249 0 1409739 0 874915 23060 8321595
234 23574 10652261 0 1415818 0 879133 23574 8357310
235 23574 10697713 0 1421777 0 882911 23574 8393025
236 23574 10743259 0 1427683 0 886836 23574 8428740
237 23758 10788685 0 1433772 0 890458 23758 8464455
238 23758 10833986 0 1439652 0 894164 23758 8500170
239 23758 10879640 0 1445725 0 898030 23758 8535885
240 24138 10925245 0 1451799 0 901846 24138 8571600
241 24138 10970494 0 1457921 0 905258 24138 8607315
242 24434 11015791 0 1463737 0 909024 24434 8643030
243 24479 11061353 0 1469919 0 912689 24479 8678745
244 24479 11106540 0 1475914 0 916166 24479 8714460
245 24565 11151836 0 1481848 0 919813 24565 8750175
246 24565 11197248 0 1487840 0 923518 24565 8785890
247 24565 11242765 0 1494020 0 927140 24565 8821605
248 24930 11288063 0 1500055 0 930688 24930 8857320
249 24930 11333361 0 1506069 0 934257 24930 8893035
250 24930 11378664 0 1512108 0 937806 24930 8928750
251 25109 11424025 0 1518130 0 941430 25109 8964465
252 25109 11469825 0 1524236 0 945409 25109 9000180
253 25109 11515596 0 1530306 0 949395 25109 9035895
254 25109 11561085 0 1536351 0 953124 25109 9071610
255 26008 11606994 0 1542493 0 957176 26008 9107325
256 26008 11652398 0 1548538 0 960820 26008 9143040
257 26008 11697916 0 1554589 0 964572 26008 9178755
258 26408 11743646 0 1560638 0 968538 26408 9214470
259 26408 11789050 0 1566770 0 972095 26408 9250185
260 26408 11834602 0 1572808 0 975894 26408 9285900
261 26408 11879818 0 1578770 0 979433 26408 9321615
262 26408 11925079 0 1584779 0 982970 26408 9357330
263 26408 11970448 0 1590822 0 986581 26408 9393045
264 27095 12015921 0 1596839 0 990322 27095 9428760
265 27095 12061363 0 1602761 0 994127 27095 9464475
266 27095 12106879 0 1608845 0 997844 27095 9500190
267 27198 12152778 0 1614963 0 1001910 27198 9535905
268 27198 12198405 0 1620943 0 1005842 27198 9571620
269 27198 12243905 0 1627092 0 1009478 27198 9607335
270 27266 12289587 0 1633126 0 1013411 27266 9643050
271 27493 12335319 0 1639198 0 1017356 27493 9678765
272 28571 12380974 0 1645178 0 1021316 28571 9714480
273 28571 12426392 0 1651180 0 1025017 28571 9750195
274 28571 12471669 0 1657210 0 1028549 28571 9785910
275 28749 12517412 0 1663258 0 1032529 28749 9821625
276 28749 12562629 0 1669263 0 1036026 28749 9857340
277 28749 12608124 0 1675343 0 1039726 28749 9893055
278 29243 12653661 0 1681267 0 1043624 29243 9928770
279 29243 12699057 0 1687266 0 1047306 29243 9964485
280 29243 12744588 0 1693182 0 1051206 29243 10000200
281 29243 12789580 0 1699053 0 1054612 29243 10035915
282 29907 12835004 0 1705098 0 1058276 29907 10071630
283 29907 12880296 0 1711013 0 1061938 29907 10107345
284 29907 12925946 0 1717168 0 1065718 29907 10143060
285 30645 12971490 0 1723348 0 1069367 30645 10178775
286 30645 13016891 0 1729415 0 1072986 30645 10214490
287 30720 13062413 0 1735517 0 1076691 30720 10250205
288 30720 13107749 0 1741551 0 1080278 30720 10285920
289 30720 13152803 0 1747479 0 1083689 30720 10321635
290 31033 13198495 0 1753528 0 1087617 31033 10357350
291 31470 13243792 0 1759516 0 1091211 31470 10393065
292 31470 13289256 0 1765555 0 1094921 31470 10428780
293 31705 13334696 0 1771662 0 1098539 31705 10464495
294 31705 13380333 0 1777665 0 1102458 31705 10500210
295 31705 13425574 0 1783700 0 1105949 31705 10535925
296 32123 13471174 0 1789839 0 1109695 32123 10571640
297 32123 13516728 0 1795845 0 1113528 32123 10607355
298 32123 13562048 0 1801823 0 1117155 32123 10643070
299 32336 13607496 0 1807895 0 1120816 32336 10678785
300 32336 13653067 0 1813999 0 1124568 32336 10714500
301 32336 13698456 0 1820011 0 1128230 32336 10750215
302 32336 13743749 0 1825965 0 1131854 32336 10785930
303 32458 13789250 0 1832007 0 1135598 32458 10821645
304 32681 13834926 0 1838110 0 1139456 32681 10857360
305 32681 13880560 0 1844269 0 1143216 32681 10893075
306 32681 13926056 0 1850328 0 1146938 32681 10928790
307 32777 13971968 0 1856407 0 1151056 32777 10964505
308 32777 14017403 0 1862333 0 1154850 32777 11000220
309 33381 14063127 0 1868341 0 1158851 33381 11035935
310 33381 14108705 0 1874311 0 1162744 33381 11071650
311 33381 14154109 0 1880197 0 1166547 33381 11107365
312 33580 14199752 0 1886272 0 1170400 33580 11143080
313 33580 14245441 0 1892398 0 1174248 33580 11178795
314 33580 14290948 0 1898437 0 1178001 33580 11214510
315 33580 14336264 0 1904455 0 1181584 33580 11250225
316 33580 14381870 0 1910484 0 1185446 33580 11285940
317 33580 14427165 0 1916521 0 1188989 33580 11321655
318 33677 14472694 0 1922621 0 1192703 33677 11357370
319 33677 14518235 0 1928719 0 1196431 33677 11393085
320 33836 14564200 0 1934827 0 1200573 33836 11428800
321 34265 14609960 0 1940808 0 1204637 34265 11464515
322 34265 14655537 0 1946907 0 1208400 34265 11500230
323 34265 14701162 0 1953049 0 1212168 34265 11535945
324 34265 14746370 0 1958968 0 1215742 34265 11571660
325 34265 14791653 0 1964973 0 1219305 34265 11607375
326 34694 14837000 0 1970976 0 1222934 34694 11643090
327 35189 14882735 0 1976959 0 1226971 35189 11678805
328 35646 14928238 0 1982988 0 1230730 35646 11714520
329 36480 14973880 0 1989009 0 1234636 36480 11750235
330 36480 15019035 0 1995173 0 1237912 36480 11785950
331 36480 15064639 0 2001273 0 1241701 36480 11821665
332 36480 15110400 0 2007403 0 1245617 36480 11857380
333 36480 15155741 0 2013334 0 1249312 36480 11893095
334 36480 15201246 0 2019450 0 1252986 36480 11928810
335 36480 15246608 0 2025427 0 1256656 36480 11964525
336 36480 15292114 0 2031498 0 1260376 36480 12000240
337 36480 15337429 0 2037559 0 1263915 36480 12035955
338 37227 15383445 0 2043667 0 1268108 37227 12071670
339 37473 15429232 0 2049823 0 1272024 37473 12107385
340 37473 15474660 0 2055918 0 1275642 37473 12143100
341 37473 15520186 0 2061859 0 1279512 37473 12178815
342 37473 15565685 0 2067856 0 1283299 37473 12214530
343 37473 15611359 0 2073896 0 1287218 37473 12250245
344 37473 15656482 0 2079797 0 1290725 37473 12285960
345 37473 15701682 0 2085687 0 1294320 37473 12321675
346 37768 15747247 0 2091791 0 1298066 37768 12357390
347 37768 15792655 0 2097811 0 1301739 37768 12393105
348 37768 15838157 0 2103972 0 1305365 37768 12428820
349 37815 15884120 0 2110069 0 1309516 37815 12464535
350 38578 15929448 0 2116129 0 1313069 38578 12500250
351 38578 15975246 0 2122152 0 1317129 38578 12535965
352 38578 16020800 0 2128142 0 1320978 38578 12571680
353 39455 16066251 0 2134101 0 1324755 39455 12607395
354 39455 16111609 0 2140055 0 1328444 39455 12643110
355 39455 16157066 0 2146082 0 1332159 39455 12678825
356 39455 16202726 0 2152144 0 1336042 39455 12714540
357 39766 16248532 0 2158286 0 1339991 39766 12750255
358 39811 16294051 0 2164260 0 1343821 39811 12785970
359 39903 16339916 0 2170293 0 1347938 39903 12821685
360 39903 16385406 0 2176288 0 1351718 39903 12857400
361 39903 16430515 0 2182199 0 1355201 39903 12893115
362 39903 16476019 0 2188175 0 1359014 39903 12928830
363 39984 16521879 0 2194225 0 1363109 39984 12964545
364 39984 16567333 0 2200292 0 1366781 39984 13000260
365 39984 16612650 0 2206321 0 1370354 39984 13035975
366 40437 16658201 0 2212379 0 1374132 40437 13071690
367 40437 16703382 0 2218441 0 1377536 40437 13107405
368 40437 16748669 0 2224570 0 1380979 40437 13143120
369 40545 16794320 0 2230631 0 1384854 40545 13178835
370 40545 16839962 0 2236596 0 1388816 40545 13214550
371 41446 16885885 0 2242597 0 1393023 41446 13250265
372 41702 16931226 0 2248700 0 1396546 41702 13285980
373 41848 16977033 0 2254804 0 1400534 41848 13321695
374 41848 17022558 0 2260860 0 1404288 41848 13357410
375 42000 17068473 0 2266926 0 1408422 42000 13393125
376 42000 17113929 0 2273028 0 1412061 42000 13428840
377 42000 17159373 0 2279017 0 1415801 42000 13464555
378 42340 17204808 0 2285114 0 1419424 42340 13500270
379 42340 17249977 0 2291178 0 1422814 42340 13535985
380 42340 17295531 0 2297205 0 1426626 42340 13571700
381 42471 17341439 0 2303322 0 1430702 42471 13607415
382 42471 17387087 0 2309398 0 1434559 42471 13643130
383 42471 17432677 0 2315334 0 1438498 42471 13678845
384 42471 17478285 0 2321467 0 1442258 42471 13714560
385 43118 17524164 0 2327564 0 1446325 43118 13750275
386 43118 17569473 0 2333680 0 1449803 43118 13785990
387 43587 17614900 0 2339633 0 1453562 43587 13821705
388 43587 17660551 0 2345669 0 1457462 43587 13857420
389 43587 17706042 0 2351602 0 1461305 43587 13893135
390 43587 17751836 0 2357670 0 1465316 43587 13928850
391 44062 17797468 0 2363653 0 1469250 44062 13964565
392 44243 17843123 0 2369701 0 1473142 44243 14000280
393 44243 17888411 0 2375723 0 1476693 44243 14035995
394 44550 17933977 0 2381762 0 1480505 44550 14071710
395 44550 17979602 0 2387864 0 1484313 44550 14107425
396 44550 18025231 0 2393912 0 1488179 44550 14143140
397 44550 18070845 0 2399882 0 1492108 44550 14178855
398 44829 18116229 0 2405895 0 1495764 44829 14214570
399 45307 18161762 0 2411997 0 1499480 45307 14250285
400 45307 18207413 0 2418027 0 1503386 45307 14286000
401 45307 18252927 0 2424186 0 1507026 45307 14321715
402 45307 18298202 0 2430257 0 1510515 45307 14357430
403 45307 18344107 0 2436463 0 1514499 45307 14393145
404 45527 18389735 0 2442397 0 1518478 45527 144