1 0.00118475 0.000451168 0.00142087 0.000291825
2 0.000890678 0.000391071 0.00105364 0.000236121
3 0.00102058 0.000420137 0.00121466 0.000253951
4 0.00103775 0.000410216 0.00123814 0.000249336
5 0.00104549 0.000417115 0.00124735 0.000251071
6 0.00107316 0.000428005 0.00128104 0.000259036
7 0.001046 0.000426507 0.00124666 0.000256478
8 0.00106787 0.000424491 0.0012752 0.000256731
9 0.00105658 0.000422102 0.00126097 0.000254242
10 0.00104631 0.000422127 0.00124764 0.000254262
11 0.00106311 0.000424964 0.00126894 0.000256279
12 0.00104243 0.000421791 0.00124279 0.000253879
13 0.00103446 0.000421315 0.00123237 0.00025291
14 0.00105368 0.00043146 0.00125507 0.000259192
15 0.00107775 0.000432746 0.00128574 0.000261452
16 0.00107658 0.000429775 0.00128473 0.000260677
17 0.00109859 0.000433394 0.00131252 0.000263086
18 0.00110504 0.00043443 0.00132037 0.000264639
19 0.00108047 0.000427992 0.0012901 0.000260121
20 0.0010644 0.000425291 0.0012701 0.000257205
21 0.00106192 0.000423842 0.00126695 0.000256518
22 0.00106044 0.000425211 0.0012648 0.000256774
23 0.00104592 0.000421614 0.0012467 0.000253921
24 0.00104182 0.000421736 0.00124132 0.000253558
25 0.00103353 0.000419635 0.00123103 0.000251965
26 0.0010362 0.000419235 0.00123444 0.000251667
27 0.00103618 0.000418027 0.00123454 0.000250461
28 0.00103759 0.00041803 0.00123652 0.000250657
29 0.00103655 0.000418524 0.00123507 0.000250797
30 0.00103287 0.000416838 0.00123073 0.000249388
31 0.00102838 0.000413566 0.00122567 0.000247932
32 0.00102748 0.000412994 0.00122459 0.000247794
33 0.00103125 0.000413485 0.00122936 0.000248744
34 0.00102621 0.000412977 0.00122296 0.000247684
35 0.00102982 0.000416184 0.00122701 0.000249449
36 0.00103482 0.000416101 0.00123348 0.000249692
37 0.00104734 0.000420072 0.00124875 0.000252721
38 0.00105564 0.000422319 0.00125893 0.000253979
39 0.00105046 0.000421585 0.00125249 0.000253231
40 0.00105367 0.000420422 0.0012569 0.000252663
41 0.00105294 0.000420315 0.00125604 0.000252619
42 0.00105172 0.000419077 0.00125473 0.000251671
43 0.00105528 0.000420707 0.00125898 0.000252581
44 0.00105414 0.000420597 0.00125748 0.000252645
45 0.00105524 0.000420723 0.00125888 0.000252946
46 0.00105713 0.000420963 0.00126122 0.000253013
47 0.00106099 0.000421292 0.00126614 0.000253574
48 0.00105828 0.00042053 0.00126291 0.00025282
49 0.00105576 0.00041978 0.0012598 0.000252257
50 0.00105123 0.000419208 0.00125408 0.000251977
51 0.00104743 0.00041858 0.00124923 0.00025157
52 0.00104418 0.000417024 0.00124531 0.000250363
53 0.00104567 0.0004174 0.00124722 0.000250821
54 0.0010479 0.000417913 0.00124989 0.00025121
55 0.001052 0.000418703 0.00125507 0.000251769
56 0.00104918 0.000418038 0.0012516 0.000251178
57 0.00104747 0.000417836 0.0012494 0.000250818
58 0.00104691 0.000417441 0.00124884 0.000250231
59 0.00104251 0.000416335 0.00124336 0.000249387
60 0.00104067 0.000415417 0.00124115 0.00024873
61 0.00104446 0.000415966 0.00124592 0.000249071
62 0.00104073 0.00041483 0.00124134 0.000248196
63 0.00103564 0.000413512 0.00123505 0.000247292
64 0.0010379 0.000414168 0.00123782 0.000247618
65 0.00103837 0.000413645 0.00123852 0.000247443
66 0.00104079 0.000414693 0.00124145 0.000248143
67 0.00104191 0.000414798 0.00124286 0.000248336
68 0.00104307 0.000414989 0.00124431 0.000248215
69 0.00104188 0.000414971 0.00124276 0.000247996
70 0.00104319 0.000415691 0.00124432 0.000248255
71 0.00104507 0.000416282 0.00124663 0.000248533
72 0.00104462 0.000415825 0.00124612 0.000248264
73 0.00104823 0.000415794 0.00125075 0.000248342
74 0.00104911 0.000416055 0.00125177 0.000248603
75 0.00104761 0.000415879 0.00124986 0.000248257
76 0.00105047 0.000417234 0.0012533 0.000248892
77 0.00105074 0.000416982 0.00125368 0.000248815
78 0.00105039 0.000417211 0.0012532 0.000248802
79 0.00105092 0.000417383 0.00125389 0.00024897
80 0.00105278 0.00041746 0.00125626 0.000249008
81 0.00105665 0.000418237 0.00126102 0.00024957
82 0.00105764 0.000417769 0.00126234 0.000249354
83 0.0010553 0.000416947 0.00125948 0.000248883
84 0.00105806 0.000417564 0.00126291 0.000249444
85 0.00106039 0.000418251 0.00126575 0.000249567
86 0.00105902 0.00041807 0.00126404 0.000249285
87 0.00105907 0.000417969 0.00126412 0.000249198
88 0.00106227 0.000418732 0.00126814 0.000249538
89 0.00106208 0.000418835 0.00126785 0.000249547
90 0.00105965 0.000418478 0.0012648 0.00024913
91 0.00105672 0.000418071 0.00126113 0.000248544
92 0.00105476 0.000417647 0.00125874 0.00024813
93 0.00105283 0.00041739 0.00125631 0.000247778
94 0.00105553 0.000417698 0.00125976 0.000248087
95 0.00105313 0.000417081 0.00125675 0.000247708
96 0.00105199 0.0004163 0.00125544 0.00024726
97 0.00104929 0.000415535 0.00125215 0.00024665
98 0.00104883 0.000415957 0.00125145 0.000246693
99 0.00105063 0.000416797 0.0012536 0.000247254
100 0.00104831 0.000416328 0.00125072 0.000246932
101 0.00104641 0.00041608 0.00124833 0.000246718
102 0.00104747 0.000416416 0.00124963 0.000246908
103 0.00104618 0.000415878 0.00124808 0.000246576
104 0.00104364 0.000415147 0.00124499 0.000246017
105 0.00104617 0.000415496 0.00124813 0.000246292
106 0.00104378 0.000414999 0.00124515 0.000245964
107 0.00104504 0.000414879 0.00124679 0.000245845
108 0.00104253 0.000414502 0.00124364 0.000245679
109 0.00104067 0.000414092 0.00124133 0.000245375
110 0.00104024 0.000414061 0.00124078 0.000245147
111 0.0010391 0.000413569 0.00123942 0.000244791
112 0.00103749 0.000413125 0.00123744 0.000244466
113 0.00103651 0.000412825 0.00123621 0.000244322
114 0.00103607 0.000412755 0.00123568 0.000244153
115 0.00103716 0.000412647 0.00123709 0.000244149
116 0.00103676 0.000412427 0.0012366 0.000244117
117 0.00103649 0.000412606 0.00123624 0.000244268
118 0.00103681 0.000412485 0.0012367 0.00024419
119 0.00103696 0.00041293 0.00123684 0.000244404
120 0.00103933 0.000413776 0.00123975 0.000244718
121 0.00104069 0.00041437 0.00124136 0.000245112
122 0.00104085 0.000414544 0.00124157 0.000245253
123 0.00103832 0.000413691 0.00123852 0.000244722
124 0.00103788 0.000413625 0.00123798 0.000244709
125 0.00103555 0.000413367 0.00123506 0.000244342
126 0.00103428 0.000413276 0.00123347 0.000244231
127 0.0010333 0.000413411 0.00123217 0.000244102
128 0.00103281 0.00041321 0.00123156 0.000243932
129 0.00103211 0.000413103 0.00123066 0.00024385
130 0.00103331 0.000413284 0.00123218 0.000244077
131 0.00103383 0.000413235 0.00123284 0.000244011
132 0.00103802 0.000414019 0.00123804 0.000244499
133 0.00103701 0.000413306 0.00123686 0.00024421
134 0.00103545 0.000413196 0.00123488 0.000244089
135 0.00103417 0.000412878 0.00123328 0.000243792
136 0.0010332 0.000413041 0.00123198 0.000243686
137 0.00103244 0.000412865 0.00123106 0.000243493
138 0.00103161 0.000412664 0.00123006 0.000243413
139 0.00103325 0.000413179 0.0012321 0.00024359
140 0.00103321 0.000413027 0.00123209 0.000243566
141 0.00103249 0.000413138 0.00123115 0.000243656
142 0.00103371 0.000413099 0.00123272 0.000243739
143 0.00103448 0.000413034 0.00123368 0.000243788
144 0.00103956 0.000414577 0.00123992 0.000244763
145 0.00103776 0.000414186 0.00123769 0.000244396
146 0.00103891 0.000414168 0.00123916 0.0002445
147 0.00103751 0.000413775 0.00123744 0.000244227
148 0.00103872 0.00041432 0.00123888 0.000244638
149 0.00103905 0.000413979 0.00123934 0.000244553
150 0.00104056 0.000413913 0.00124135 0.000244494
151 0.00103945 0.000413952 0.00123993 0.000244305
152 0.00103873 0.000413774 0.00123903 0.000244204
153 0.00103979 0.000414444 0.00124025 0.000244511
154 0.00103961 0.000414315 0.00124001 0.000244381
155 0.00103745 0.000413822 0.00123736 0.00024397
156 0.00103774 0.000413823 0.00123775 0.000244043
157 0.00103882 0.000414072 0.0012391 0.000244334
158 0.00103907 0.00041367 0.00123952 0.000244094
159 0.00103954 0.000413873 0.00124009 0.000244287
160 0.00103916 0.000413764 0.00123964 0.000244086
161 0.00103831 0.000413583 0.00123857 0.00024398
162 0.00103706 0.000413099 0.00123706 0.00024365
163 0.00103658 0.000412935 0.00123647 0.000243626
164 0.00103714 0.000413105 0.00123717 0.000243758
165 0.00103791 0.000413316 0.0012381 0.00024397
166 0.00103844 0.000413627 0.00123871 0.000244154
167 0.00104144 0.000414283 0.00124242 0.000244604
168 0.00104109 0.000414093 0.00124198 0.000244595
169 0.00104092 0.000414102 0.00124177 0.00024464
170 0.00104245 0.000414178 0.00124376 0.000244737
171 0.00104292 0.000414303 0.00124434 0.000244805
172 0.00104188 0.000414227 0.00124302 0.000244758
173 0.00104241 0.000414422 0.00124366 0.000244937
174 0.00104594 0.000415422 0.001248 0.000245536
175 0.00104459 0.000415117 0.00124631 0.000245287
176 0.00104502 0.000414928 0.00124692 0.000245273
177 0.00104438 0.000414717 0.0012461 0.000245172
178 0.00104716 0.000415468 0.00124951 0.000245579
179 0.00104621 0.00041532 0.00124834 0.000245505
180 0.00105102 0.000416035 0.0012544 0.000246125
181 0.00105073 0.000416013 0.00125403 0.000246177
182 0.00105056 0.000416314 0.00125375 0.000246338
183 0.00104993 0.000416125 0.00125298 0.000246236
184 0.00104947 0.000415795 0.00125245 0.000246098
185 0.00104963 0.000415951 0.00125262 0.000246278
186 0.00104896 0.000415903 0.00125178 0.000246187
187 0.00105014 0.000415977 0.00125325 0.000246321
188 0.00104944 0.000415928 0.00125237 0.000246312
189 0.00104945 0.000416142 0.00125236 0.000246487
190 0.00104991 0.000416105 0.00125297 0.000246481
191 0.00104853 0.000415902 0.00125123 0.000246323
192 0.00104701 0.00041562 0.00124936 0.00024616
193 0.00104692 0.000415701 0.00124921 0.000246225
194 0.00104874 0.000415992 0.00125147 0.000246435
195 0.00104931 0.000416041 0.00125217 0.000246485
196 0.00104934 0.000416231 0.00125218 0.000246564
197 0.00105036 0.000416654 0.00125343 0.000246778
198 0.00105075 0.00041663 0.00125395 0.000246754
199 0.00105303 0.000417657 0.0012567 0.000247338
200 0.00105236 0.000417633 0.00125585 0.000247265
201 0.00105246 0.00041759 0.00125596 0.000247269
202 0.00105444 0.000417785 0.00125846 0.000247439
203 0.00105341 0.000417481 0.0012572 0.000247214
204 0.00105381 0.000417677 0.00125769 0.000247327
205 0.00105461 0.000417776 0.00125872 0.000247416
206 0.00105428 0.000417486 0.00125837 0.000247284
207 0.00105515 0.000417668 0.00125945 0.00024748
208 0.0010559 0.000417735 0.0012604 0.000247559
209 0.00105667 0.000417648 0.0012614 0.000247595
210 0.0010561 0.000417675 0.00126066 0.000247593
211 0.00105627 0.000417632 0.00126088 0.000247688
212 0.00105598 0.000417792 0.00126048 0.000247603
213 0.00105541 0.000417628 0.00125981 0.000247521
214 0.00105544 0.000417946 0.00125977 0.000247702
215 0.00105502 0.00041795 0.00125923 0.000247707
216 0.00105531 0.000417879 0.00125962 0.000247714
217 0.00105451 0.000417714 0.00125865 0.000247588
218 0.00105702 0.000417925 0.00126183 0.000247831
219 0.0010562 0.000417854 0.00126079 0.000247728
220 0.00105676 0.000418189 0.00126146 0.000247875
221 0.00105608 0.000418086 0.00126061 0.00024778
222 0.00105557 0.00041793 0.00126002 0.000247692
223 0.00105621 0.000417761 0.00126087 0.000247608
224 0.00105686 0.000417977 0.00126166 0.000247732
225 0.00105721 0.000418112 0.00126211 0.0002478
226 0.0010578 0.000418075 0.00126285 0.000247856
227 0.00105823 0.000418103 0.0012634 0.000247907
228 0.0010573 0.000417834 0.00126228 0.000247747
229 0.00105766 0.000417789 0.00126273 0.000247757
230 0.00105733 0.000417725 0.00126232 0.00024766
231 0.00105742 0.0004177 0.00126244 0.000247709
232 0.00105671 0.000417499 0.00126157 0.000247545
233 0.00105716 0.000417513 0.00126214 0.000247535
234 0.00105883 0.00041774 0.00126426 0.000247744
235 0.00105896 0.000417483 0.00126446 0.000247629
236 0.00105853 0.000417195 0.00126396 0.000247509
237 0.0010586 0.000417515 0.001264 0.000247564
238 0.00105902 0.000417715 0.00126448 0.000247614
239 0.00105897 0.000417573 0.00126445 0.000247622
240 0.0010595 0.000417619 0.00126512 0.000247646
241 0.00105846 0.000417471 0.00126381 0.000247513
242 0.00105901 0.000417597 0.00126447 0.000247568
243 0.00105945 0.000417771 0.001265 0.000247695
244 0.00105872 0.000417478 0.00126411 0.000247492
245 0.00105888 0.000417526 0.00126428 0.000247477
246 0.00105896 0.000417718 0.00126434 0.000247571
247 0.00105835 0.000417647 0.00126359 0.000247509
248 0.00105822 0.000417776 0.00126339 0.000247504
249 0.00105745 0.000417645 0.00126243 0.000247399
250 0.00105702 0.000417577 0.00126188 0.000247308
251 0.0010573 0.000417495 0.00126224 0.00024729
252 0.00105706 0.000417431 0.00126196 0.000247274
253 0.00105798 0.000417747 0.00126308 0.000247499
254 0.00105772 0.00041754 0.00126279 0.000247354
255 0.00105907 0.00041811 0.00126444 0.000247699
256 0.00105851 0.000418022 0.00126374 0.000247644
257 0.00105834 0.000417762 0.00126358 0.000247469
258 0.00105984 0.000417918 0.00126548 0.000247566
259 0.00105865 0.000417608 0.00126402 0.000247384
260 0.00105876 0.000417589 0.00126416 0.000247359
261 0.00105801 0.000417374 0.00126323 0.000247207
262 0.00105731 0.00041705 0.00126238 0.000247046
263 0.001056 0.000416611 0.00126079 0.000246791
264 0.00105721 0.00041696 0.00126228 0.000246932
265 0.00105691 0.000416861 0.00126191 0.000246858
266 0.00105646 0.000416789 0.00126134 0.000246836
267 0.00105738 0.000416931 0.0012625 0.000247047
268 0.00105704 0.000416787 0.00126208 0.000247024
269 0.00105681 0.000416702 0.00126181 0.000246971
270 0.0010577 0.000416641 0.00126296 0.000246956
271 0.0010581 0.00041678 0.00126346 0.000247042
272 0.00105966 0.000417243 0.00126538 0.000247312
273 0.00105973 0.00041729 0.00126545 0.000247334
274 0.00105945 0.000417289 0.00126509 0.00024727
275 0.00105992 0.000417341 0.00126568 0.000247353
276 0.00105913 0.000417208 0.00126469 0.000247232
277 0.00105967 0.000417321 0.00126535 0.000247324
278 0.00106041 0.000417655 0.00126623 0.000247541
279 0.00106034 0.000417603 0.00126614 0.000247503
280 0.00106057 0.00041762 0.00126642 0.000247554
281 0.00105942 0.000417432 0.00126497 0.000247364
282 0.00105913 0.000417482 0.0012646 0.00024735
283 0.00105818 0.000417274 0.0012634 0.000247253
284 0.00105861 0.000417472 0.00126392 0.000247394
285 0.00106 0.000417789 0.00126565 0.0002475
286 0.00105978 0.000417755 0.00126538 0.000247457
287 0.00106042 0.000418112 0.00126611 0.000247704
288 0.00106052 0.000418288 0.00126621 0.000247711
289 0.00105983 0.000418191 0.00126532 0.000247602
290 0.00106031 0.000418273 0.00126593 0.00024765
291 0.00106004 0.000418311 0.00126558 0.000247618
292 0.00106014 0.000418266 0.00126572 0.000247586
293 0.00106033 0.00041858 0.0012659 0.000247723
294 0.00106012 0.000418652 0.00126561 0.000247823
295 0.00105958 0.000418707 0.0012649 0.000247811
296 0.00105998 0.000418907 0.00126537 0.000247992
297 0.00105965 0.000418709 0.00126498 0.00024794
298 0.00105941 0.000418779 0.00126466 0.000247917
299 0.00105926 0.000418715 0.00126449 0.00024782
300 0.00105888 0.00041878 0.00126399 0.000247844
301 0.00105922 0.000418916 0.00126439 0.00024796
302 0.00105853 0.000418786 0.00126352 0.000247865
303 0.00105833 0.000418941 0.00126323 0.000247959
304 0.00105855 0.000418998 0.00126351 0.000248004
305 0.0010588 0.000419059 0.00126382 0.000248048
306 0.00105843 0.000419059 0.00126335 0.000248047
307 0.0010599 0.000419414 0.00126517 0.00024832
308 0.00105929 0.000419309 0.0012644 0.000248235
309 0.00106024 0.000419497 0.0012656 0.000248328
310 0.00105969 0.0004194 0.00126491 0.000248285
311 0.0010598 0.000419388 0.00126505 0.000248294
312 0.00106014 0.000419486 0.00126547 0.000248369
313 0.0010612 0.00041961 0.0012668 0.00024843
314 0.00106102 0.000419621 0.00126658 0.000248421
315 0.00106026 0.000419347 0.00126564 0.000248236
316 0.00105997 0.000419313 0.00126528 0.000248236
317 0.00105938 0.000419196 0.00126456 0.000248115
318 0.00105984 0.000419279 0.00126512 0.000248164
319 0.00106028 0.000419439 0.00126566 0.00024822
320 0.00106078 0.000419589 0.00126629 0.000248308
321 0.00106134 0.000419651 0.00126701 0.000248374
322 0.00106155 0.00041967 0.00126726 0.000248418
323 0.00106122 0.000419667 0.00126685 0.000248449
324 0.00106074 0.000419605 0.00126622 0.000248403
325 0.00106058 0.000419546 0.00126603 0.000248359
326 0.00106041 0.000419551 0.0012658 0.000248364
327 0.00106123 0.000419622 0.00126685 0.000248419
328 0.00106168 0.000419962 0.00126735 0.000248667
329 0.00106275 0.000420082 0.0012687 0.000248733
330 0.00106151 0.000419822 0.00126717 0.000248512
331 0.00106106 0.000419691 0.00126662 0.000248463
332 0.00106173 0.000419735 0.00126747 0.000248523
333 0.00106129 0.000419711 0.00126691 0.000248467
334 0.00106042 0.000419507 0.00126585 0.000248335
335 0.00106051 0.000419405 0.00126597 0.000248311
336 0.00106027 0.000419434 0.00126567 0.000248311
337 0.0010599 0.000419295 0.0012652 0.000248209
338 0.00106124 0.000419547 0.0012669 0.000248406
339 0.00106247 0.000419874 0.0012684 0.000248648
340 0.00106164 0.000419648 0.00126739 0.000248504
341 0.00106121 0.0004196 0.00126685 0.000248489
342 0.0010606 0.000419376 0.00126611 0.000248367
343 0.00106107 0.000419371 0.00126671 0.000248382
344 0.00106039 0.00041927 0.00126585 0.000248271
345 0.00105963 0.000419049 0.00126491 0.000248098
346 0.0010601 0.000419166 0.0012655 0.00024816
347 0.00105966 0.000419079 0.00126495 0.000248084
348 0.00105953 0.000419196 0.00126476 0.000248196
349 0.00106016 0.000419153 0.00126558 0.000248226
350 0.00106036 0.000419224 0.00126583 0.000248253
351 0.00106005 0.000419234 0.00126544 0.000248267
352 0.00105998 0.000419324 0.00126533 0.000248294
353 0.00106085 0.00041954 0.0012664 0.00024846
354 0.00106072 0.000419536 0.00126622 0.000248467
355 0.00106011 0.000419343 0.00126548 0.000248377
356 0.00106025 0.000419425 0.00126564 0.000248434
357 0.00106115 0.000419661 0.00126676 0.000248569
358 0.00106109 0.000419719 0.00126667 0.000248593
359 0.00106131 0.000419554 0.00126699 0.000248604
360 0.00106124 0.00041945 0.0012669 0.000248563
361 0.00106052 0.000419393 0.00126599 0.000248481
362 0.00106004 0.000419227 0.00126541 0.000248351
363 0.00106159 0.000419564 0.00126732 0.000248645
364 0.00106172 0.000419599 0.00126747 0.000248675
365 0.00106159 0.000419631 0.0012673 0.000248652
366 0.00106222 0.000419743 0.00126807 0.00024877
367 0.00106196 0.000419654 0.00126775 0.00024865
368 0.00106171 0.00041956 0.00126745 0.000248546
369 0.00106163 0.000419506 0.00126736 0.00024852
370 0.00106146 0.000419413 0.00126717 0.00024849
371 0.00106289 0.000419689 0.00126896 0.00024871
372 0.00106289 0.000419712 0.00126897 0.00024864
373 0.00106356 0.000419716 0.00126982 0.000248698
374 0.00106302 0.00041954 0.00126916 0.000248615
375 0.00106372 0.000419625 0.00127006 0.000248691
376 0.00106354 0.000419641 0.00126982 0.000248689
377 0.00106327 0.00041959 0.00126948 0.000248674
378 0.00106324 0.000419594 0.00126945 0.000248656
379 0.00106297 0.000419528 0.0012691 0.000248589
380 0.00106247 0.000419414 0.00126848 0.000248516
381 0.00106402 0.000419687 0.00127042 0.000248693
382 0.001064 0.000419819 0.00127038 0.000248774
383 0.00106414 0.000419863 0.00127054 0.000248835
384 0.00106418 0.000419839 0.00127059 0.00024883
385 0.00106571 0.000420238 0.00127248 0.000249098
386 0.00106541 0.000420127 0.00127211 0.000248995
387 0.00106578 0.000420189 0.00127258 0.000249058
388 0.00106586 0.000420067 0.0012727 0.000249034
389 0.00106599 0.000420119 0.00127285 0.000249065
390 0.00106577 0.000419983 0.0012726 0.000249029
391 0.00106613 0.000420259 0.00127301 0.000249191
392 0.00106674 0.000420298 0.00127378 0.000249241
393 0.00106593 0.000420146 0.00127278 0.000249122
394 0.00106642 0.000420172 0.00127339 0.000249169
395 0.00106606 0.000420161 0.00127294 0.000249151
396 0.00106648 0.000420181 0.00127347 0.000249182
397 0.00106683 0.000420365 0.00127389 0.00024926
398 0.00106688 0.000420317 0.00127396 0.000249225
399 0.00106737 0.000420513 0.00127455 0.000249323
400 0.00106759 0.00042055 0.00127483 0.000249335
401 0.00106755 0.000420616 0.00127478 0.000249365
402 0.0010671 0.000420525 0.00127421 0.000249246
403 0.00106734 0.000420534 0.00127453 0.000249291
404 0.0010677 0.000420618 0.00127498 0.000249353
405 0.00106788 0.000420601 0.0012752 0.000249288
406 0.00106757 0.000420584 0.00127482 0.000249272
407 0.00106741 0.000420616 0.00127461 0.000249275
408 0.00106688 0.000420511 0.00127395 0.000249226
409 0.00106755 0.000420707 0.00127476 0.00024932
410 0.00106677 0.000420561 0.00127379 0.000249202
411 0.00106605 0.000420298 0.00127292 0.00024908
412 0.00106649 0.000420285 0.00127349 0.00024912
413 0.00106626 0.000420154 0.00127324 0.000249067
414 0.00106652 0.000420191 0.00127355 0.000249053
415 0.00106603 0.000420119 0.00127295 0.000249
416 0.00106559 0.000419995 0.00127