1 0 45845 0 6172 0 3958 0 35715
2 0 90932 0 12232 0 7270 0 71430
3 124 136672 0 18296 0 11231 124 107145
4 455 182086 0 24354 0 14872 455 142860
5 656 227667 0 30514 0 18578 656 178575
6 1128 273397 0 36544 0 22563 1128 214290
7 1128 318850 0 42763 0 26082 1128 250005
8 1433 364592 0 48853 0 30019 1433 285720
9 1551 409959 0 54872 0 33652 1551 321435
10 1551 455453 0 60954 0 37349 1551 357150
11 2304 501108 0 67062 0 41181 2304 392865
12 2304 546440 0 73018 0 44842 2304 428580
13 2304 591700 0 79027 0 48378 2304 464295
14 2640 637454 0 84975 0 52469 2640 500010
15 2640 683440 0 91066 0 56649 2640 535725
16 2926 729034 0 97027 0 60567 2926 571440
17 3110 774957 0 103249 0 64553 3110 607155
18 3110 820629 0 109269 0 68490 3110 642870
19 3110 865917 0 115340 0 71992 3110 678585
20 3110 911188 0 121526 0 75362 3110 714300
21 3110 956583 0 127481 0 79087 3110 750015
22 3110 1002114 0 133513 0 82871 3110 785730
23 3110 1047161 0 139471 0 86245 3110 821445
24 3296 1092392 0 145494 0 89738 3296 857160
25 3296 1137714 0 151389 0 93450 3296 892875
26 3625 1183062 0 157357 0 97115 3625 928590
27 3625 1228299 0 163361 0 100633 3625 964305
28 3625 1274153 0 169506 0 104627 3625 1000020
29 3625 1319638 0 175543 0 108360 3625 1035735
30 3625 1365067 0 181582 0 112035 3625 1071450
31 3625 1410743 0 187605 0 115973 3625 1107165
32 3625 1456255 0 193655 0 119720 3625 1142880
33 3625 1502093 0 199876 0 123622 3625 1178595
34 3625 1547220 0 205937 0 126973 3625 1214310
35 3998 1592811 0 211962 0 130824 3998 1250025
36 4103 1638581 0 218054 0 134787 4103 1285740
37 4761 1684403 0 224156 0 138792 4761 1321455
38 4897 1730004 0 230233 0 142601 4897 1357170
39 4897 1775497 0 236460 0 146152 4897 1392885
40 5147 1821149 0 242649 0 149900 5147 1428600
41 5147 1866774 0 248698 0 153761 5147 1464315
42 5147 1912306 0 254771 0 157505 5147 1500030
43 5831 1957787 0 260758 0 161284 5831 1535745
44 5831 2003206 0 266883 0 164863 5831 1571460
45 5831 2048935 0 272943 0 168817 5831 1607175
46 5831 2094450 0 278889 0 172671 5831 1642890
47 6019 2140263 0 285010 0 176648 6019 1678605
48 6019 2185854 0 291127 0 180407 6019 1714320
49 6019 2231289 0 297177 0 184077 6019 1750035
50 6019 2276704 0 303271 0 187683 6019 1785750
51 6019 2321919 0 309299 0 191155 6019 1821465
52 6019 2367050 0 315207 0 194663 6019 1857180
53 6019 2412991 0 321282 0 198814 6019 1892895
54 6019 2458431 0 327338 0 202483 6019 1928610
55 6165 2504350 0 333321 0 206704 6165 1964325
56 6165 2549740 0 339373 0 210327 6165 2000040
57 6165 2595051 0 345334 0 213962 6165 2035755
58 6165 2640625 0 351429 0 217726 6165 2071470
59 6165 2685780 0 357450 0 221145 6165 2107185
60 6343 2731097 0 363331 0 224866 6343 2142900
61 6837 2776656 0 369289 0 228752 6837 2178615
62 6837 2821953 0 375279 0 232344 6837 2214330
63 6837 2867204 0 381242 0 235917 6837 2250045
64 6837 2912784 0 387312 0 239712 6837 2285760
65 6837 2958398 0 393331 0 243592 6837 2321475
66 7158 3004077 0 399481 0 247406 7158 2357190
67 7158 3049711 0 405557 0 251249 7158 2392905
68 7452 3095069 0 411516 0 254933 7452 2428620
69 7452 3140377 0 417575 0 258467 7452 2464335
70 7452 3185962 0 423671 0 262241 7452 2500050
71 7452 3231627 0 429643 0 266219 7452 2535765
72 7452 3277059 0 435508 0 270071 7452 2571480
73 7750 3322687 0 441426 0 274066 7750 2607195
74 7750 3368152 0 447489 0 277753 7750 2642910
75 7750 3413391 0 453558 0 281208 7750 2678625
76 8364 3458891 0 459625 0 284926 8364 2714340
77 8487 3504388 0 465681 0 288652 8487 2750055
78 8487 3549892 0 471792 0 292330 8487 2785770
79 8632 3595592 0 477851 0 296256 8632 2821485
80 8891 3641109 0 483886 0 300023 8891 2857200
81 9137 3686636 0 489874 0 303847 9137 2892915
82 9137 3732124 0 495768 0 307726 9137 2928630
83 9137 3777465 0 501717 0 311403 9137 2964345
84 9137 3823348 0 507854 0 315434 9137 3000060
85 9137 3868767 0 513865 0 319127 9137 3035775
86 9137 3914158 0 519873 0 322795 9137 3071490
87 9137 3959658 0 525877 0 326576 9137 3107205
88 9814 4005289 0 532031 0 330338 9814 3142920
89 9814 4050691 0 538062 0 333994 9814 3178635
90 10090 4095841 0 544170 0 337321 10090 3214350
91 10090 4140998 0 550236 0 340697 10090 3250065
92 10090 4186450 0 556440 0 344230 10090 3285780
93 10090 4231753 0 562397 0 347861 10090 3321495
94 10701 4277569 0 568417 0 351942 10701 3357210
95 10701 4322731 0 574404 0 355402 10701 3392925
96 10701 4368211 0 580439 0 359132 10701 3428640
97 10701 4413513 0 586521 0 362637 10701 3464355
98 10701 4458755 0 592493 0 366192 10701 3500070
99 10701 4504481 0 598429 0 370267 10701 3535785
100 10701 4549943 0 604598 0 373845 10701 3571500
101 10701 4595203 0 610627 0 377361 10701 3607215
102 10947 4640790 0 616681 0 381179 10947 3642930
103 11061 4686222 0 622711 0 384866 11061 3678645
104 11061 4731543 0 628778 0 388405 11061 3714360
105 11061 4777101 0 634796 0 392230 11061 3750075
106 11061 4822330 0 640774 0 395766 11061 3785790
107 11270 4867843 0 646788 0 399550 11270 3821505
108 11270 4913262 0 652812 0 403230 11270 3857220
109 11270 4958583 0 658875 0 406773 11270 3892935
110 11270 5003881 0 664920 0 410311 11270 3928650
111 11382 5049223 0 670979 0 413879 11382 3964365
112 11382 5094520 0 676983 0 417457 11382 4000080
113 11382 5139873 0 683043 0 421035 11382 4035795
114 11382 5185281 0 689089 0 424682 11382 4071510
115 11382 5230839 0 695181 0 428433 11382 4107225
116 11382 5276392 0 701142 0 432310 11382 4142940
117 11382 5322020 0 707254 0 436111 11382 4178655
118 11647 5367685 0 713277 0 440038 11647 4214370
119 11647 5413332 0 719466 0 443781 11647 4250085
120 12465 5458874 0 725447 0 447627 12465 4285800
121 12665 5504431 0 731423 0 451493 12665 4321515
122 12775 5550158 0 737657 0 455271 12775 4357230
123 12775 5595609 0 743790 0 458874 12775 4392945
124 12775 5641296 0 749854 0 462782 12775 4428660
125 12775 5686496 0 755903 0 466218 12775 4464375
126 12775 5732000 0 761946 0 469964 12775 4500090
127 12775 5777081 0 767844 0 473432 12775 4535805
128 12775 5822392 0 773895 0 476977 12775 4571520
129 12775 5867686 0 779940 0 480511 12775 4607235
130 12775 5913536 0 786113 0 484473 12775 4642950
131 12908 5958930 0 792027 0 488238 12908 4678665
132 13322 6004476 0 798030 0 492066 13322 4714380
133 13322 6049957 0 803909 0 495953 13322 4750095
134 13322 6095305 0 809938 0 499557 13322 4785810
135 13322 6140327 0 815921 0 502881 13322 4821525
136 13322 6185422 0 821962 0 506220 13322 4857240
137 13322 6230875 0 828056 0 509864 13322 4892955
138 13322 6276573 0 834095 0 513808 13322 4928670
139 13527 6322234 0 840178 0 517671 13527 4964385
140 13527 6368009 0 846244 0 521665 13527 5000100
141 13527 6413489 0 852345 0 525329 13527 5035815
142 13527 6459166 0 858397 0 529239 13527 5071530
143 13527 6504606 0 864491 0 532870 13527 5107245
144 14758 6550487 0 870598 0 536929 14758 5142960
145 14758 6595641 0 876498 0 540468 14758 5178675
146 14956 6641268 0 882649 0 544229 14956 5214390
147 14956 6686559 0 888572 0 547882 14956 5250105
148 14956 6732273 0 894600 0 551853 14956 5285820
149 14956 6777812 0 900575 0 555702 14956 5321535
150 15749 6823591 0 906727 0 559614 15749 5357250
151 15749 6868855 0 912737 0 563153 15749 5392965
152 15749 6914253 0 918748 0 566825 15749 5428680
153 15867 6959671 0 924790 0 570486 15867 5464395
154 15867 7004815 0 930723 0 573982 15867 5500110
155 15867 7050154 0 936876 0 577453 15867 5535825
156 15992 7095857 0 942964 0 581353 15992 5571540
157 15992 7141794 0 949229 0 585310 15992 5607255
158 15992 7187455 0 955250 0 589235 15992 5642970
159 15992 7233154 0 961219 0 593250 15992 5678685
160 15992 7278653 0 967329 0 596924 15992 5714400
161 15992 7324045 0 973375 0 600555 15992 5750115
162 15992 7369295 0 979313 0 604152 15992 5785830
163 15992 7414866 0 985330 0 607991 15992 5821545
164 16039 7460473 0 991436 0 611777 16039 5857260
165 16039 7506106 0 997594 0 615537 16039 5892975
166 16039 7551612 0 1003485 0 619437 16039 5928690
167 16039 7597417 0 1009668 0 623344 16039 5964405
168 16039 7642916 0 1015739 0 627057 16039 6000120
169 16039 7688495 0 1021828 0 630832 16039 6035835
170 16275 7734509 0 1027919 0 635040 16275 6071550
171 16275 7780138 0 1033931 0 638942 16275 6107265
172 16275 7825596 0 1040072 0 642544 16275 6142980
173 16275 7871265 0 1046051 0 646519 16275 6178695
174 16439 7917211 0 1052061 0 650740 16439 6214410
175 16439 7962384 0 1058100 0 654159 16439 6250125
176 16439 8008120 0 1064177 0 658103 16439 6285840
177 16439 8053332 0 1070111 0 661666 16439 6321555
178 16834 8098962 0 1076124 0 665568 16834 6357270
179 16834 8144509 0 1082253 0 669271 16834 6392985
180 17664 8190772 0 1088438 0 673634 17664 6428700
181 17664 8236468 0 1094529 0 677524 17664 6464415
182 17664 8281937 0 1100604 0 681203 17664 6500130
183 17664 8327392 0 1106644 0 684903 17664 6535845
184 17664 8372885 0 1112648 0 688677 17664 6571560
185 17865 8418519 0 1118633 0 692611 17865 6607275
186 17865 8463898 0 1124729 0 696179 17865 6642990
187 17865 8509560 0 1130662 0 700193 17865 6678705
188 17865 8555070 0 1136641 0 704009 17865 6714420
189 17865 8600945 0 1142946 0 707864 17865 6750135
190 18105 8646660 0 1149009 0 711801 18105 6785850
191 18105 8691955 0 1154934 0 715456 18105 6821565
192 18105 8737410 0 1161055 0 719075 18105 6857280
193 18406 8782753 0 1167029 0 722729 18406 6892995
194 18776 8828331 0 1172959 0 726662 18776 6928710
195 18776 8873808 0 1178982 0 730401 18776 6964425
196 18776 8919263 0 1185110 0 734013 18776 7000140
197 19373 8964989 0 1191191 0 737943 19373 7035855
198 19373 9010696 0 1197316 0 741810 19373 7071570
199 20127 9056431 0 1203392 0 745754 20127 7107285
200 20127 9101854 0 1209433 0 749421 20127 7143000
201 20127 9147363 0 1215411 0 753237 20127 7178715
202 20127 9193047 0 1221550 0 757067 20127 7214430
203 20127 9238359 0 1227586 0 760628 20127 7250145
204 20127 9284111 0 1233765 0 764486 20127 7285860
205 20747 9329839 0 1239823 0 768441 20747 7321575
206 20747 9375576 0 1245825 0 772461 20747 7357290
207 21013 9421283 0 1251905 0 776373 21013 7393005
208 21285 9466871 0 1258133 0 780018 21285 7428720
209 21285 9512673 0 1264144 0 784094 21285 7464435
210 21285 9558060 0 1270235 0 787675 21285 7500150
211 21285 9603760 0 1276399 0 791496 21285 7535865
212 21607 9648933 0 1282429 0 794924 21607 7571580
213 21607 9694649 0 1288554 0 798800 21607 7607295
214 21607 9740107 0 1294649 0 802448 21607 7643010
215 21607 9785619 0 1300724 0 806170 21607 7678725
216 21607 9831306 0 1306808 0 810058 21607 7714440
217 21607 9876844 0 1312845 0 813844 21607 7750155
218 21934 9922910 0 1318950 0 818090 21934 7785870
219 21934 9968209 0 1324986 0 821638 21934 7821585
220 22293 10013921 0 1331003 0 825618 22293 7857300
221 22293 10059404 0 1337195 0 829194 22293 7893015
222 22293 10105112 0 1343188 0 833194 22293 7928730
223 22543 10150640 0 1349261 0 836934 22543 7964445
224 22543 10196321 0 1355342 0 840819 22543 8000160
225 22543 10242009 0 1361488 0 844646 22543 8035875
226 22543 10287648 0 1367523 0 848535 22543 8071590
227 22543 10333333 0 1373613 0 852415 22543 8107305
228 22543 10378935 0 1379819 0 856096 22543 8143020
229 22749 10424440 0 1385789 0 859916 22749 8178735
230 22853 10469717 0 1391860 0 863407 22853 8214450
231 22853 10515401 0 1397870 0 867366 22853 8250165
232 22853 10560792 0 1403807 0 871105 22853 8285880
233 23068 10606249 0 1409739 0 874915 23068 8321595
234 23582 10652261 0 1415818 0 879133 23582 8357310
235 23582 10697713 0 1421777 0 882911 23582 8393025
236 23582 10743259 0 1427683 0 886836 23582 8428740
237 23766 10788685 0 1433772 0 890458 23766 8464455
238 23766 10833986 0 1439652 0 894164 23766 8500170
239 23766 10879640 0 1445725 0 898030 23766 8535885
240 24146 10925245 0 1451799 0 901846 24146 8571600
241 24146 10970494 0 1457921 0 905258 24146 8607315
242 24442 11015791 0 1463737 0 909024 24442 8643030
243 24487 11061353 0 1469919 0 912689 24487 8678745
244 24487 11106540 0 1475914 0 916166 24487 8714460
245 24573 11151836 0 1481848 0 919813 24573 8750175
246 24573 11197248 0 1487840 0 923518 24573 8785890
247 24573 11242765 0 1494020 0 927140 24573 8821605
248 24938 11288063 0 1500055 0 930688 24938 8857320
249 24938 11333361 0 1506069 0 934257 24938 8893035
250 24938 11378664 0 1512108 0 937806 24938 8928750
251 25117 11424025 0 1518130 0 941430 25117 8964465
252 25117 11469825 0 1524236 0 945409 25117 9000180
253 25117 11515596 0 1530306 0 949395 25117 9035895
254 25117 11561085 0 1536351 0 953124 25117 9071610
255 26016 11606994 0 1542493 0 957176 26016 9107325
256 26016 11652398 0 1548538 0 960820 26016 9143040
257 26016 11697916 0 1554589 0 964572 26016 9178755
258 26416 11743646 0 1560638 0 968538 26416 9214470
259 26416 11789050 0 1566770 0 972095 26416 9250185
260 26416 11834602 0 1572808 0 975894 26416 9285900
261 26416 11879818 0 1578770 0 979433 26416 9321615
262 26416 11925079 0 1584779 0 982970 26416 9357330
263 26416 11970448 0 1590822 0 986581 26416 9393045
264 27103 12015921 0 1596839 0 990322 27103 9428760
265 27103 12061363 0 1602761 0 994127 27103 9464475
266 27103 12106879 0 1608845 0 997844 27103 9500190
267 27206 12152778 0 1614963 0 1001910 27206 9535905
268 27206 12198405 0 1620943 0 1005842 27206 9571620
269 27206 12243905 0 1627092 0 1009478 27206 9607335
270 27274 12289587 0 1633126 0 1013411 27274 9643050
271 27501 12335319 0 1639198 0 1017356 27501 9678765
272 28580 12380974 0 1645178 0 1021316 28580 9714480
273 28580 12426392 0 1651180 0 1025017 28580 9750195
274 28580 12471669 0 1657210 0 1028549 28580 9785910
275 28758 12517412 0 1663258 0 1032529 28758 9821625
276 28758 12562629 0 1669263 0 1036026 28758 9857340
277 28758 12608124 0 1675343 0 1039726 28758 9893055
278 29252 12653661 0 1681267 0 1043624 29252 9928770
279 29252 12699057 0 1687266 0 1047306 29252 9964485
280 29252 12744588 0 1693182 0 1051206 29252 10000200
281 29252 12789580 0 1699053 0 1054612 29252 10035915
282 29916 12835004 0 1705098 0 1058276 29916 10071630
283 29916 12880296 0 1711013 0 1061938 29916 10107345
284 29916 12925946 0 1717168 0 1065718 29916 10143060
285 30654 12971490 0 1723348 0 1069367 30654 10178775
286 30654 13016891 0 1729415 0 1072986 30654 10214490
287 30729 13062413 0 1735517 0 1076691 30729 10250205
288 30729 13107749 0 1741551 0 1080278 30729 10285920
289 30729 13152803 0 1747479 0 1083689 30729 10321635
290 31042 13198495 0 1753528 0 1087617 31042 10357350
291 31479 13243792 0 1759516 0 1091211 31479 10393065
292 31479 13289256 0 1765555 0 1094921 31479 10428780
293 31714 13334696 0 1771662 0 1098539 31714 10464495
294 31714 13380333 0 1777665 0 1102458 31714 10500210
295 31714 13425574 0 1783700 0 1105949 31714 10535925
296 32132 13471174 0 1789839 0 1109695 32132 10571640
297 32132 13516728 0 1795845 0 1113528 32132 10607355
298 32132 13562048 0 1801823 0 1117155 32132 10643070
299 32345 13607496 0 1807895 0 1120816 32345 10678785
300 32345 13653067 0 1813999 0 1124568 32345 10714500
301 32345 13698456 0 1820011 0 1128230 32345 10750215
302 32345 13743749 0 1825965 0 1131854 32345 10785930
303 32467 13789250 0 1832007 0 1135598 32467 10821645
304 32690 13834926 0 1838110 0 1139456 32690 10857360
305 32690 13880560 0 1844269 0 1143216 32690 10893075
306 32690 13926056 0 1850328 0 1146938 32690 10928790
307 32786 13971968 0 1856407 0 1151056 32786 10964505
308 32786 14017403 0 1862333 0 1154850 32786 11000220
309 33390 14063127 0 1868341 0 1158851 33390 11035935
310 33390 14108705 0 1874311 0 1162744 33390 11071650
311 33390 14154109 0 1880197 0 1166547 33390 11107365
312 33589 14199752 0 1886272 0 1170400 33589 11143080
313 33589 14245441 0 1892398 0 1174248 33589 11178795
314 33589 14290948 0 1898437 0 1178001 33589 11214510
315 33589 14336264 0 1904455 0 1181584 33589 11250225
316 33589 14381870 0 1910484 0 1185446 33589 11285940
317 33589 14427165 0 1916521 0 1188989 33589 11321655
318 33686 14472694 0 1922621 0 1192703 33686 11357370
319 33686 14518235 0 1928719 0 1196431 33686 11393085
320 33845 14564200 0 1934827 0 1200573 33845 11428800
321 34274 14609960 0 1940808 0 1204637 34274 11464515
322 34274 14655537 0 1946907 0 1208400 34274 11500230
323 34274 14701162 0 1953049 0 1212168 34274 11535945
324 34274 14746370 0 1958968 0 1215742 34274 11571660
325 34274 14791653 0 1964973 0 1219305 34274 11607375
326 34703 14837000 0 1970976 0 1222934 34703 11643090
327 35198 14882735 0 1976959 0 1226971 35198 11678805
328 35655 14928238 0 1982988 0 1230730 35655 11714520
329 36489 14973880 0 1989009 0 1234636 36489 11750235
330 36489 15019035 0 1995173 0 1237912 36489 11785950
331 36489 15064639 0 2001273 0 1241701 36489 11821665
332 36489 15110400 0 2007403 0 1245617 36489 11857380
333 36489 15155741 0 2013334 0 1249312 36489 11893095
334 36489 15201246 0 2019450 0 1252986 36489 11928810
335 36489 15246608 0 2025427 0 1256656 36489 11964525
336 36489 15292114 0 2031498 0 1260376 36489 12000240
337 36489 15337429 0 2037559 0 1263915 36489 12035955
338 37237 15383445 0 2043667 0 1268108 37237 12071670
339 37483 15429232 0 2049823 0 1272024 37483 12107385
340 37483 15474660 0 2055918 0 1275642 37483 12143100
341 37483 15520186 0 2061859 0 1279512 37483 12178815
342 37483 15565685 0 2067856 0 1283299 37483 12214530
343 37483 15611359 0 2073896 0 1287218 37483 12250245
344 37483 15656482 0 2079797 0 1290725 37483 12285960
345 37483 15701682 0 2085687 0 1294320 37483 12321675
346 37778 15747247 0 2091791 0 1298066 37778 12357390
347 37778 15792655 0 2097811 0 1301739 37778 12393105
348 37778 15838157 0 2103972 0 1305365 37778 12428820
349 37825 15884120 0 2110069 0 1309516 37825 12464535
350 38588 15929448 0 2116129 0 1313069 38588 12500250
351 38588 15975246 0 2122152 0 1317129 38588 12535965
352 38588 16020800 0 2128142 0 1320978 38588 12571680
353 39465 16066251 0 2134101 0 1324755 39465 12607395
354 39465 16111609 0 2140055 0 1328444 39465 12643110
355 39465 16157066 0 2146082 0 1332159 39465 12678825
356 39465 16202726 0 2152144 0 1336042 39465 12714540
357 39776 16248532 0 2158286 0 1339991 39776 12750255
358 39821 16294051 0 2164260 0 1343821 39821 12785970
359 39913 16339916 0 2170293 0 1347938 39913 12821685
360 39913 16385406 0 2176288 0 1351718 39913 12857400
361 39913 16430515 0 2182199 0 1355201 39913 12893115
362 39913 16476019 0 2188175 0 1359014 39913 12928830
363 39994 16521879 0 2194225 0 1363109 39994 12964545
364 39994 16567333 0 2200292 0 1366781 39994 13000260
365 39994 16612650 0 2206321 0 1370354 39994 13035975
366 40447 16658201 0 2212379 0 1374132 40447 13071690
367 40447 16703382 0 2218441 0 1377536 40447 13107405
368 40447 16748669 0 2224570 0 1380979 40447 13143120
369 40555 16794320 0 2230631 0 1384854 40555 13178835
370 40555 16839962 0 2236596 0 1388816 40555 13214550
371 41456 16885885 0 2242597 0 1393023 41456 13250265
372 41712 16931226 0 2248700 0 1396546 41712 13285980
373 41858 16977033 0 2254804 0 1400534 41858 13321695
374 41858 17022558 0 2260860 0 1404288 41858 13357410
375 42010 17068473 0 2266926 0 1408422 42010 13393125
376 42010 17113929 0 2273028 0 1412061 42010 13428840
377 42010 17159373 0 2279017 0 1415801 42010 13464555
378 42350 17204808 0 2285114 0 1419424 42350 13500270
379 42350 17249977 0 2291178 0 1422814 42350 13535985
380 42350 17295531 0 2297205 0 1426626 42350 13571700
381 42481 17341439 0 2303322 0 1430702 42481 13607415
382 42481 17387087 0 2309398 0 1434559 42481 13643130
383 42481 17432677 0 2315334 0 1438498 42481 13678845
384 42481 17478285 0 2321467 0 1442258 42481 13714560
385 43128 17524164 0 2327564 0 1446325 43128 13750275
386 43128 17569473 0 2333680 0 1449803 43128 13785990
387 43597 17614900 0 2339633 0 1453562 43597 13821705
388 43597 17660551 0 2345669 0 1457462 43597 13857420
389 43597 17706042 0 2351602 0 1461305 43597 13893135
390 43597 17751836 0 2357670 0 1465316 43597 13928850
391 44073 17797468 0 2363653 0 1469250 44073 13964565
392 44254 17843123 0 2369701 0 1473142 44254 14000280
393 44254 17888411 0 2375723 0 1476693 44254 14035995
394 44561 17933977 0 2381762 0 1480505 44561 14071710
395 44561 17979602 0 2387864 0 1484313 44561 14107425
396 44561 18025231 0 2393912 0 1488179 44561 14143140
397 44561 18070845 0 2399882 0 1492108 44561 14178855
398 44840 18116229 0 2405895 0 1495764 44840 14214570
399 45318 18161762 0 2411997 0 1499480 45318 14250285
400 45318 18207413 0 2418027 0 1503386 45318 14286000
401 45318 18252927 0 2424186 0 1507026 45318 14321715
402 45318 18298202 0 2430257 0 1510515 45318 14357430
403 45318 18344107 0 2436463 0 1514499 45318 14393145
404 45538 18389735 0 2442397 0 1518478 45538 144