1 0 45755 0 6140 0 3900 0 35715
2 0 91554 0 12174 0 7950 0 71430
3 0 136653 0 18218 0 11290 0 107145
4 0 181602 0 24344 0 14398 0 142860
5 0 226405 0 30479 0 17351 0 178575
6 0 271188 0 36602 0 20296 0 214290
7 0 316861 0 42668 0 24188 0 250005
8 0 362975 0 48821 0 28434 0 285720
9 0 407955 0 54853 0 31667 0 321435
10 0 453200 0 60976 0 35074 0 357150
11 0 498794 0 67037 0 38892 0 392865
12 0 544171 0 73096 0 42495 0 428580
13 0 588551 0 79048 0 45208 0 464295
14 0 634162 0 84997 0 49155 0 500010
15 0 678561 0 91060 0 51776 0 535725
16 0 722624 0 97184 0 54000 0 571440
17 0 768637 0 103226 0 58256 0 607155
18 0 814229 0 109436 0 61923 0 642870
19 0 860528 0 115377 0 66566 0 678585
20 0 905725 0 121506 0 69919 0 714300
21 0 951545 0 127653 0 73877 0 750015
22 0 996816 0 133595 0 77491 0 785730
23 0 1042011 0 139627 0 80939 0 821445
24 0 1087836 0 145624 0 85052 0 857160
25 0 1134898 0 151548 0 90475 0 892875
26 0 1180184 0 157510 0 94084 0 928590
27 0 1224204 0 163449 0 96450 0 964305
28 0 1269854 0 169336 0 100498 0 1000020
29 0 1315193 0 175562 0 103896 0 1035735
30 0 1359862 0 181662 0 106750 0 1071450
31 0 1405624 0 187655 0 110804 0 1107165
32 0 1451001 0 193729 0 114392 0 1142880
33 0 1498042 0 199760 0 119687 0 1178595
34 0 1543082 0 205808 0 122964 0 1214310
35 0 1588602 0 211976 0 126601 0 1250025
36 0 1634781 0 218004 0 131037 0 1285740
37 0 1679604 0 224064 0 134085 0 1321455
38 0 1725802 0 230191 0 138441 0 1357170
39 0 1772455 0 236213 0 143357 0 1392885
40 0 1819164 0 242312 0 148252 0 1428600
41 0 1864345 0 248524 0 151506 0 1464315
42 0 1910654 0 254731 0 155893 0 1500030
43 0 1956555 0 260826 0 159984 0 1535745
44 0 2002440 0 266855 0 164125 0 1571460
45 0 2048332 0 272838 0 168319 0 1607175
46 0 2094481 0 278926 0 172665 0 1642890
47 0 2141703 0 284983 0 178115 0 1678605
48 0 2187762 0 290962 0 182480 0 1714320
49 0 2233765 0 297086 0 186644 0 1750035
50 0 2279584 0 303148 0 190686 0 1785750
51 0 2325120 0 309171 0 194484 0 1821465
52 0 2369324 0 315253 0 196891 0 1857180
53 0 2413951 0 321258 0 199798 0 1892895
54 0 2459547 0 327289 0 203648 0 1928610
55 0 2505216 0 333365 0 207526 0 1964325
56 0 2550677 0 339321 0 211316 0 2000040
57 0 2596012 0 345393 0 214864 0 2035755
58 0 2642373 0 351439 0 219464 0 2071470
59 0 2688027 0 357428 0 223414 0 2107185
60 0 2733819 0 363351 0 227568 0 2142900
61 0 2779827 0 369474 0 231738 0 2178615
62 0 2825404 0 375448 0 235626 0 2214330
63 0 2870565 0 381414 0 239106 0 2250045
64 0 2915962 0 387363 0 242839 0 2285760
65 0 2960873 0 393339 0 246059 0 2321475
66 0 3005339 0 399309 0 248840 0 2357190
67 0 3050985 0 405337 0 252743 0 2392905
68 0 3095950 0 411383 0 255947 0 2428620
69 0 3141277 0 417512 0 259430 0 2464335
70 0 3186683 0 423594 0 263039 0 2500050
71 0 3232350 0 429562 0 267023 0 2535765
72 0 3277792 0 435647 0 270665 0 2571480
73 0 3323312 0 441637 0 274480 0 2607195
74 0 3369447 0 447649 0 278888 0 2642910
75 0 3414752 0 453525 0 282602 0 2678625
76 0 3460431 0 459470 0 286621 0 2714340
77 0 3506023 0 465418 0 290550 0 2750055
78 0 3552628 0 471519 0 295339 0 2785770
79 0 3598194 0 477453 0 299256 0 2821485
80 0 3643025 0 483554 0 302271 0 2857200
81 0 3688816 0 489610 0 306291 0 2892915
82 0 3735956 0 495727 0 311599 0 2928630
83 0 3780314 0 501655 0 314314 0 2964345
84 0 3826342 0 507877 0 318405 0 3000060
85 0 3873525 0 513783 0 323967 0 3035775
86 0 3919997 0 519826 0 328681 0 3071490
87 0 3965241 0 525641 0 332395 0 3107205
88 0 4011412 0 531804 0 336688 0 3142920
89 0 4056560 0 537841 0 340084 0 3178635
90 0 4102597 0 543850 0 344397 0 3214350
91 0 4146874 0 549867 0 346942 0 3250065
92 0 4192958 0 556003 0 351175 0 3285780
93 0 4239736 0 562080 0 356161 0 3321495
94 0 4285414 0 568143 0 360061 0 3357210
95 0 4329850 0 574152 0 362773 0 3392925
96 0 4374783 0 580324 0 365819 0 3428640
97 0 4420711 0 586324 0 370032 0 3464355
98 0 4465588 0 592309 0 373209 0 3500070
99 0 4511335 0 598324 0 377226 0 3535785
100 0 4556542 0 604358 0 380684 0 3571500
101 0 4601799 0 610421 0 384163 0 3607215
102 0 4647686 0 616412 0 388344 0 3642930
103 0 4693265 0 622394 0 392226 0 3678645
104 0 4738986 0 628385 0 396241 0 3714360
105 0 4784016 0 634566 0 399375 0 3750075
106 0 4828780 0 640586 0 402404 0 3785790
107 0 4873343 0 646642 0 405196 0 3821505
108 0 4917328 0 652645 0 407463 0 3857220
109 0 4961854 0 658729 0 410190 0 3892935
110 0 5007050 0 664731 0 413669 0 3928650
111 0 5053031 0 670761 0 417905 0 3964365
112 0 5098305 0 676760 0 421465 0 4000080
113 0 5143576 0 682747 0 425034 0 4035795
114 0 5189662 0 688803 0 429349 0 4071510
115 0 5234472 0 694826 0 432421 0 4107225
116 0 5279496 0 700935 0 435621 0 4142940
117 0 5325486 0 706912 0 439919 0 4178655
118 0 5370804 0 712994 0 443440 0 4214370
119 0 5416291 0 719015 0 447191 0 4250085
120 0 5462110 0 725133 0 451177 0 4285800
121 0 5507392 0 731135 0 454742 0 4321515
122 0 5552677 0 737246 0 458201 0 4357230
123 0 5598768 0 743213 0 462610 0 4392945
124 0 5644634 0 749319 0 466655 0 4428660
125 0 5689853 0 755406 0 470072 0 4464375
126 0 5734170 0 761433 0 472647 0 4500090
127 0 5780069 0 767546 0 476718 0 4535805
128 0 5825344 0 773721 0 480103 0 4571520
129 0 5872308 0 779840 0 485233 0 4607235
130 0 5917227 0 785915 0 488362 0 4642950
131 0 5961595 0 791924 0 491006 0 4678665
132 0 6007420 0 797935 0 495105 0 4714380
133 0 6052453 0 803818 0 498540 0 4750095
134 0 6097949 0 809853 0 502286 0 4785810
135 0 6142288 0 815910 0 504853 0 4821525
136 0 6188490 0 822118 0 509132 0 4857240
137 0 6234701 0 828024 0 513722 0 4892955
138 0 6279967 0 833991 0 517306 0 4928670
139 0 6325817 0 840012 0 521420 0 4964385
140 0 6371334 0 846032 0 525202 0 5000100
141 0 6416857 0 851955 0 529087 0 5035815
142 0 6462080 0 857937 0 532613 0 5071530
143 0 6506339 0 864003 0 535091 0 5107245
144 0 6552178 0 870021 0 539197 0 5142960
145 0 6597432 0 876134 0 542623 0 5178675
146 0 6642204 0 882205 0 545609 0 5214390
147 0 6688799 0 888252 0 550442 0 5250105
148 0 6736106 0 894312 0 555974 0 5285820
149 0 6781152 0 900378 0 559239 0 5321535
150 0 6826949 0 906477 0 563222 0 5357250
151 0 6871698 0 912666 0 566067 0 5392965
152 0 6916436 0 918581 0 569175 0 5428680
153 0 6962092 0 924563 0 573134 0 5464395
154 0 7007695 0 930562 0 577023 0 5500110
155 0 7052942 0 936589 0 580528 0 5535825
156 0 7098317 0 942605 0 584172 0 5571540
157 0 7145783 0 948733 0 589795 0 5607255
158 0 7191172 0 954695 0 593507 0 5642970
159 0 7236552 0 960729 0 597138 0 5678685
160 0 7281808 0 966772 0 600636 0 5714400
161 0 7328151 0 972701 0 605335 0 5750115
162 0 7374126 0 978760 0 609536 0 5785830
163 0 7418250 0 984964 0 611741 0 5821545
164 0 7464798 0 991115 0 616423 0 5857260
165 0 7509598 0 997187 0 619436 0 5892975
166 0 7556249 0 1003154 0 624405 0 5928690
167 0 7602718 0 1009316 0 628997 0 5964405
168 0 7648265 0 1015391 0 632754 0 6000120
169 0 7693175 0 1021335 0 636005 0 6035835
170 0 7738511 0 1027253 0 639708 0 6071550
171 0 7783294 0 1033372 0 642657 0 6107265
172 0 7827623 0 1039588 0 645055 0 6142980
173 0 7873375 0 1045583 0 649097 0 6178695
174 0 7919108 0 1051635 0 653063 0 6214410
175 0 7964805 0 1057738 0 656942 0 6250125
176 0 8009409 0 1063857 0 659712 0 6285840
177 0 8055251 0 1069909 0 663787 0 6321555
178 0 8100165 0 1076008 0 666887 0 6357270
179 0 8146747 0 1082027 0 671735 0 6392985
180 0 8191785 0 1088167 0 674918 0 6428700
181 0 8237129 0 1094186 0 678528 0 6464415
182 0 8282889 0 1100189 0 682570 0 6500130
183 0 8327779 0 1106172 0 685762 0 6535845
184 0 8374468 0 1112256 0 690652 0 6571560
185 0 8419567 0 1118237 0 694055 0 6607275
186 0 8465613 0 1124189 0 698434 0 6642990
187 0 8511534 0 1130351 0 702478 0 6678705
188 0 8557379 0 1136421 0 706538 0 6714420
189 0 8603266 0 1142555 0 710576 0 6750135
190 0 8648548 0 1148679 0 714019 0 6785850
191 0 8694086 0 1154737 0 717784 0 6821565
192 0 8739887 0 1160779 0 721828 0 6857280
193 0 8785316 0 1166812 0 725509 0 6892995
194 0 8831169 0 1172767 0 729692 0 6928710
195 0 8876558 0 1178794 0 733339 0 6964425
196 0 8924231 0 1184804 0 739287 0 7000140
197 0 8969017 0 1190763 0 742399 0 7035855
198 0 9014773 0 1197112 0 746091 0 7071570
199 0 9061005 0 1203151 0 750569 0 7107285
200 0 9105841 0 1209089 0 753752 0 7143000
201 0 9150345 0 1215190 0 756440 0 7178715
202 0 9195661 0 1221186 0 760045 0 7214430
203 0 9241503 0 1227126 0 764232 0 7250145
204 0 9287572 0 1233121 0 768591 0 7285860
205 0 9332755 0 1239250 0 771930 0 7321575
206 0 9379974 0 1245304 0 777380 0 7357290
207 0 9426461 0 1251521 0 781935 0 7393005
208 0 9471167 0 1257581 0 784866 0 7428720
209 0 9515718 0 1263649 0 787634 0 7464435
210 0 9561200 0 1269705 0 791345 0 7500150
211 0 9605899 0 1275712 0 794322 0 7535865
212 0 9651031 0 1281850 0 797601 0 7571580
213 0 9696731 0 1287903 0 801533 0 7607295
214 0 9742722 0 1294010 0 805702 0 7643010
215 0 9788690 0 1300107 0 809858 0 7678725
216 0 9833115 0 1306199 0 812476 0 7714440
217 0 9878819 0 1312347 0 816317 0 7750155
218 0 9923655 0 1318469 0 819316 0 7785870
219 0 9969341 0 1324495 0 823261 0 7821585
220 0 10014075 0 1330604 0 826171 0 7857300
221 0 10060271 0 1336769 0 830487 0 7893015
222 0 10104515 0 1342731 0 833054 0 7928730
223 0 10150070 0 1348852 0 836773 0 7964445
224 0 10196317 0 1354919 0 841238 0 8000160
225 0 10241300 0 1360999 0 844426 0 8035875
226 0 10288092 0 1367078 0 849424 0 8071590
227 0 10334679 0 1373131 0 854243 0 8107305
228 0 10381699 0 1379218 0 859461 0 8143020
229 0 10427883 0 1385167 0 863981 0 8178735
230 0 10472787 0 1391243 0 867094 0 8214450
231 0 10518801 0 1397413 0 871223 0 8250165
232 0 10565004 0 1403448 0 875676 0 8285880
233 0 10611460 0 1409403 0 880462 0 8321595
234 0 10659010 0 1415657 0 886043 0 8357310
235 0 10706673 0 1421652 0 891996 0 8393025
236 0 10751662 0 1427736 0 895186 0 8428740
237 0 10796304 0 1433776 0 898073 0 8464455
238 0 10841392 0 1439994 0 901228 0 8500170
239 0 10887886 0 1446099 0 905902 0 8535885
240 0 10931772 0 1452112 0 908060 0 8571600
241 0 10978026 0 1458123 0 912588 0 8607315
242 0 11024080 0 1464159 0 916891 0 8643030
243 0 11068793 0 1470052 0 919996 0 8678745
244 0 11114374 0 1476101 0 923813 0 8714460
245 0 11159359 0 1482191 0 926993 0 8750175
246 0 11203965 0 1488135 0 929940 0 8785890
247 0 11249416 0 1494101 0 933710 0 8821605
248 0 11295582 0 1500120 0 938142 0 8857320
249 0 11341218 0 1506004 0 942179 0 8893035
250 0 11386075 0 1512081 0 945244 0 8928750
251 0 11432564 0 1518091 0 950008 0 8964465
252 0 11477664 0 1524165 0 953319 0 9000180
253 0 11522849 0 1530093 0 956861 0 9035895
254 0 11567971 0 1536153 0 960208 0 9071610
255 0 11613137 0 1542227 0 963585 0 9107325
256 0 11657477 0 1548134 0 966303 0 9143040
257 0 11702741 0 1554070 0 969916 0 9178755
258 0 11747087 0 1560286 0 972331 0 9214470
259 0 11793451 0 1566269 0 976997 0 9250185
260 0 11839943 0 1572320 0 981723 0 9285900
261 0 11885970 0 1578353 0 986002 0 9321615
262 0 11931292 0 1584305 0 989657 0 9357330
263 0 11978021 0 1590370 0 994606 0 9393045
264 0 12023483 0 1596504 0 998219 0 9428760
265 0 12069041 0 1602628 0 1001938 0 9464475
266 0 12114455 0 1608618 0 1005647 0 9500190
267 0 12159184 0 1614772 0 1008507 0 9535905
268 0 12205531 0 1620840 0 1013071 0 9571620
269 0 12250578 0 1626909 0 1016334 0 9607335
270 0 12295438 0 1632957 0 1019431 0 9643050
271 0 12341072 0 1639094 0 1023213 0 9678765
272 0 12387753 0 1645130 0 1028143 0 9714480
273 0 12433382 0 1651101 0 1032086 0 9750195
274 0 12479776 0 1657135 0 1036731 0 9785910
275 0 12525127 0 1663026 0 1040476 0 9821625
276 0 12569746 0 1669066 0 1043340 0 9857340
277 0 12616080 0 1675103 0 1047922 0 9893055
278 0 12660136 0 1681101 0 1050265 0 9928770
279 0 12706316 0 1687122 0 1054709 0 9964485
280 0 12752816 0 1693243 0 1059373 0 10000200
281 0 12800311 0 1699302 0 1065094 0 10035915
282 0 12847559 0 1705328 0 1070601 0 10071630
283 0 12893679 0 1711350 0 1074984 0 10107345
284 0 12939904 0 1717419 0 1079425 0 10143060
285 0 12985244 0 1723435 0 1083034 0 10178775
286 0 13029881 0 1729509 0 1085882 0 10214490
287 0 13074709 0 1735465 0 1089039 0 10250205
288 0 13119474 0 1741529 0 1092025 0 10285920
289 0 13163138 0 1747482 0 1094021 0 10321635
290 0 13209735 0 1753574 0 1098811 0 10357350
291 0 13255001 0 1759488 0 1102448 0 10393065
292 0 13300239 0 1765498 0 1105961 0 10428780
293 0 13345546 0 1771441 0 1109610 0 10464495
294 0 13390324 0 1777302 0 1112812 0 10500210
295 0 13436457 0 1783280 0 1117252 0 10535925
296 0 13481438 0 1789260 0 1120538 0 10571640
297 0 13526174 0 1795310 0 1123509 0 10607355
298 0 13571602 0 1801492 0 1127040 0 10643070
299 0 13615865 0 1807681 0 1129399 0 10678785
300 0 13661231 0 1813620 0 1133111 0 10714500
301 0 13706742 0 1819774 0 1136753 0 10750215
302 0 13752435 0 1825668 0 1140837 0 10785930
303 0 13797590 0 1831736 0 1144209 0 10821645
304 0 13842472 0 1837831 0 1147281 0 10857360
305 0 13886809 0 1843831 0 1149903 0 10893075
306 0 13932083 0 1849797 0 1153496 0 10928790
307 0 13977489 0 1855806 0 1157178 0 10964505
308 0 14024214 0 1861965 0 1162029 0 11000220
309 0 14070945 0 1868017 0 1166993 0 11035935
310 0 14115549 0 1874059 0 1169840 0 11071650
311 0 14160993 0 1880027 0 1173601 0 11107365
312 0 14206190 0 1886076 0 1177034 0 11143080
313 0 14252349 0 1892135 0 1181419 0 11178795
314 0 14297818 0 1898215 0 1185093 0 11214510
315 0 14343501 0 1904212 0 1189064 0 11250225
316 0 14388381 0 1910194 0 1192247 0 11285940
317 0 14435365 0 1916149 0 1197561 0 11321655
318 0 14479796 0 1922350 0 1200076 0 11357370
319 0 14524843 0 1928457 0 1203301 0 11393085
320 0 14570261 0 1934616 0 1206845 0 11428800
321 0 14614777 0 1940668 0 1209594 0 11464515
322 0 14659848 0 1946618 0 1213000 0 11500230
323 0 14704685 0 1952657 0 1216083 0 11535945
324 0 14751228 0 1958606 0 1220962 0 11571660
325 0 14796759 0 1964612 0 1224772 0 11607375
326 0 14842157 0 1970662 0 1228405 0 11643090
327 0 14887405 0 1976654 0 1231946 0 11678805
328 0 14932704 0 1982803 0 1235381 0 11714520
329 0 14978132 0 1988846 0 1239051 0 11750235
330 0 15023081 0 1994881 0 1242250 0 11785950
331 0 15067499 0 2000901 0 1244933 0 11821665
332 0 15113904 0 2006916 0 1249608 0 11857380
333 0 15159088 0 2013009 0 1252984 0 11893095
334 0 15204567 0 2019086 0 1256671 0 11928810
335 0 15250575 0 2025192 0 1260858 0 11964525
336 0 15296940 0 2031184 0 1265516 0 12000240
337 0 15342549 0 2037257 0 1269337 0 12035955
338 0 15387942 0 2043407 0 1272865 0 12071670
339 0 15432761 0 2049368 0 1276008 0 12107385
340 0 15478207 0 2055330 0 1279777 0 12143100
341 0 15522654 0 2061325 0 1282514 0 12178815
342 0 15567712 0 2067355 0 1285827 0 12214530
343 0 15613460 0 2073402 0 1289813 0 12250245
344 0 15658844 0 2079380 0 1293504 0 12285960
345 0 15703848 0 2085519 0 1296654 0 12321675
346 0 15749323 0 2091594 0 1300339 0 12357390
347 0 15794847 0 2097716 0 1304026 0 12393105
348 0 15839880 0 2103781 0 1307279 0 12428820
349 0 15886160 0 2109796 0 1311829 0 12464535
350 0 15932601 0 2115813 0 1316538 0 12500250
351 0 15979164 0 2121864 0 1321335 0 12535965
352 0 16023385 0 2127953 0 1323752 0 12571680
353 0 16069267 0 2133915 0 1327957 0 12607395
354 0 16114514 0 2140109 0 1331295 0 12643110
355 0 16160337 0 2146308 0 1335204 0 12678825
356 0 16204936 0 2152372 0 1338024 0 12714540
357 0 16250388 0 2158250 0 1341883 0 12750255
358 0 16295925 0 2164282 0 1345673 0 12785970
359 0 16340342 0 2170344 0 1348313 0 12821685
360 0 16385846 0 2176241 0 1352205 0 12857400
361 0 16431882 0 2182102 0 1356665 0 12893115
362 0 16478253 0 2188153 0 1361270 0 12928830
363 0 16524043 0 2194179 0 1365319 0 12964545
364 0 16570458 0 2200253 0 1369945 0 13000260
365 0 16615229 0 2206445 0 1372809 0 13035975
366 0 16660378 0 2212568 0 1376120 0 13071690
367 0 16706716 0 2218575 0 1380736 0 13107405
368 0 16751825 0 2224594 0 1384111 0 13143120
369 0 16796639 0 2230561 0 1387243 0 13178835
370 0 16842266 0 2236505 0 1391211 0 13214550
371 0 16888035 0 2242500 0 1395270 0 13250265
372 0 16934310 0 2248549 0 1399781 0 13285980
373 0 16980637 0 2254622 0 1404320 0 13321695
374 0 17026744 0 2260731 0 1408603 0 13357410
375 0 17072235 0 2266703 0 1412407 0 13393125
376 0 17117963 0 2272836 0 1416287 0 13428840
377 0 17163873 0 2278719 0 1420599 0 13464555
378 0 17208362 0 2284726 0 1423366 0 13500270
379 0 17255283 0 2290686 0 1428612 0 13535985
380 0 17301435 0 2296701 0 1433034 0 13571700
381 0 17346496 0 2302791 0 1436290 0 13607415
382 0 17391503 0 2308838 0 1439535 0 13643130
383 0 17437939 0 2314885 0 1444209 0 13678845
384 0 17482988 0 2320905 0 1447523 0 13714560
385 0 17529279 0 2327028 0 1451976 0 13750275
386 0 17574033 0 2333092 0 1454951 0 13785990
387 0 17618770 0 2339087 0 1457978 0 13821705
388 0 17664718 0 2345173 0 1462125 0 13857420
389 0 17709631 0 2351279 0 1465217 0 13893135
390 0 17754229 0 2357230 0 1468149 0 13928850
391 0 17799414 0 2363403 0 1471446 0 13964565
392 0 17845037 0 2369550 0 1475207 0 14000280
393 0 17890912 0 2375595 0 1479322 0 14035995
394 0 17935544 0 2381570 0 1482264 0 14071710
395 0 17980707 0 2387674 0 1485608 0 14107425
396 0 18027571 0 2393643 0 1490788 0 14143140
397 0 18072425 0 2399711 0 1493859 0 14178855
398 0 18117162 0 2405851 0 1496741 0 14214570
399 0 18162550 0 2411875 0 1500390 0 14250285
400 0 18208030 0 2418000 0 1504030 0 14286000
401 0 18253070 0 2423924 0 1507431 0 14321715
402 0 18298877 0 2430025 0 1511422 0 14357430
403 0 18344117 0 2436118 0 1514854 0 14393145
404 0 18388819 0 2442268 0 1517691 0 14428860
405 0 18434286 0 2448183 0 1521528 0 14464575
406 0 18480724 0 2454252 0 1526182 0 14500290
407 0 18526604 0 2460163 0 1530436 0 14536005
408 0 18572146 0 2466260 0 1534166 0 14571720
409 0 18618117 0 2472266 0 1538416 0 14607435
410 0 18663711 0 2478213 0 1542348 0 14643150
411 0 18709092 0 2484296 0 1545931 0 14678865
412 0 18754014 0 2490327 0 1549107 0 14714580
413 0 18800233 0 2496382 0 1553556 0 14750295
414 0 18845382 0 2502512 0 1556860 0 14786010
415 0 18891235 0 2508500 0 1561010 0 14821725
416 0 18936335 0 2514521 0 1564374 0 14857440
417 0 18980939 0 2520467 0 1567317 0 14893155
418 0 19027856 0 2526667 0 1572319 0 14928870
419 0 19072869 0 2532698 0 1575586 0 14964585
420 0 19118419 0 2538749 0 1579370 0 15000300
421 0 19163565 0 2545016 0 1582534 0 15036015
422 0 19209239 0 2551011 0 1586498 0 15071730
423 0 19253925 0 2556954 0 1589526 0 15107445
424 0 19299496 0 2562945 0 1593391 0 15143160
425 0 19345522 0 2569023 0 1597624 0 15178875
426 0 19390625 0 2575040 0 1600995 0 15214590
427 0 19435875 0 2581057 0 1604513 0 15250305
428 0 19481559 0 2587124 0 1608415 0 15286020
429 0 19527070 0 2593137 0 1612198 0 15321735
430 0 19573035 0 2599085 0 1616500 0 15357450
431 0 19618365 0 2605200 0 1620000 0 15393165
432 0 19663957 0 2611318 0 1623759 0 15428880
433 0 19708809 0 2617156 0 1627058 0 15464595
434 0 19753889 0 2623302 0 1630277 0 15500310
435 0 19799402 0 2629420 0 1633957 0 15536025
436 0 19845669 0 2635512 0 1638417 0 15571740
437 0 19890965 0 2641509 0 1642001 0 15607455
438 0 19936492 0 2647552 0 1645770 0 15643170
439 0 19981730 0 2653565 0 1649280 0 15678885
440 0 20026539 0 2659747 0 1652192 0 15714600
441 0 20071555 0 2665782 0 1655458 0 15750315
442 0 20117805 0 2671870 0 1659905 0 15786030
443 0 20163603 0 2677973 0 1663885 0 15821745
444 0 20208784 0 2684031 0 1667293 0 15857460
445 0 20254399 0 2690213 0 1671011 0 15893175
446 0 20300101 0 2696292 0 1674919 0 15928890
447 0 20344806 0 2702326 0 1677875 0 15964605
448 0 20389541 0 2708489 0 1680732 0 16000320
449 0 20435270 0 2714446 0 1684789 0 16036035
450 0 20481231 0 2720433 0 1689048 0 16071750
451 0 20527605 0 2726467 0 1693673 0 16107465
452 0 20573204 0 2732524 0 1697500 0 16143180
453 0 20619914 0 2738599 0 1702420 0 16178895
454 0 20665036 0 2744647 0 1705779 0 16214610
455 0 20711938 0 2750682 0 1710931 0 16250325
456 0 20756834 0 2756710 0 1714084 0 16286040
457 0 20802713 0 2762926 0 1718032 0 16321755
458 0 20848535 0 2769075 0 1721990 0 16357470
459 0 20894477 0 2775127 0 1726165 0 16393185
460 0 20940298 0 2781131 0 1730267 0 16428900
461 0 20985549 0 2787177 0 1733757 0 16464615
462 0 21031170 0 2793156 0 1737684 0 16500330
463 0 21077789 0 2799367 0 1742377 0 16536045
464 0 21124142 0 2805539 0 1746843 0 16571760
465 0 21169714 0 2811584 0 1750655 0 16607475
466 0 21213994 0 2817739 0 1753065 0 16643190
467 0 21258875 0 2823782 0 1756188 0 16678905
468 0 21304087 0 2829836 0 1759631 0 16714620
469 0 21349812 0 2835952 0 1763525 0 16750335
470 0 21395644 0 2842088 0 1767506 0 16786050
471 0 21440740 0 2848198 0 1770777 0 16821765
472 0 21485722 0 2854245 0 1773997 0 16857480
473 0 21531110 0 2860325 0 1777590 0 16893195
474 0 21577173 0 2866340 0 1781923 0 16928910
475 0 21622643 0 2872476 0 1785542 0 16964625
476 0 21668908 0 2878484 0 1790084 0 17000340
477 0 21713732 0 2884468 0 1793209 0 17036055
478 0 21758898 0 2890515 0 1796613 0 17071770
479 0 21803868 0 2896506 0 1799877 0 17107485
480 0 21850936 0 2902552 0 1805184 0 17143200
481 0 21896835 0 2908610 0 1809310 0 17178915
482 0 21942666 0 2914524 0 1813512 0 17214630
483 0 21988826 0 2920532 0 1817949 0 17250345
484 0 22034577 0 2926523 0 1821994 0 17286060
485 0 22079623 0 2932431 0 1825417 0 17321775
486 0 22124709 0 2938403 0 1828816 0 17357490
487 0 22169801 0 2944353 0 1832243 0 17393205
488 0 22214953 0 2950349 0 1835684 0 17428920
489 0 22260480 0 2956253 0 1839592 0 17464635
490 0 22306130 0 2962284 0 1843496 0 17500350
491 0 22351463 0 2968233 0 1847165 0 17536065
492 0 22397577 0 2974261 0 1851536 0 17571780
493 0 22444439 0 2980361 0 1856583 0 17607495
494 0 22491608 0 2986424 0 1861974 0 17643210
495 0 22537569 0 2992412 0 1866232 0 17678925
496 0 22582838 0 2998620 0 1869578 0 17714640
497 0 22628563 0 3004644 0 1873564 0 17750355
498 0 22674593 0 3010783 0 1877740 0 17786070
499 0 22720080 0 3016800 0 1881495 0 17821785
500 0 22766313 0 3022674 0 1886139 0 17857500
501 0 22810825 0 3028722 0 1888888 0 17893215
502 0 22856332 0 3034904 0 1892498 0 17928930
503 0 22900593 0 3040878 0 1895070 0 17964645
504 0 22945792 0 3046929 0 1898503 0 18000360
505 0 22992331 0 3053028 0 1903228 0 18036075
506 0 23037784 0 3059046 0 1906948 0 18071790
507 0 23083693 0 3065094 0 1911094 0 18107505
508 0 23129647 0 3071075 0 1915352 0 18143220
509 0 23176205 0 3077046 0 1920224 0 18178935
510 0 23221907 0 3083158 0 1924099 0 18214650
511 0 23267818 0 3089342 0 1928111 0 18250365
512 0 23313690 0 3095265 0 1932345 0 18286080
513 0 23360507 0 3101385 0 1937327 0 18321795
514 0 23406713 0 3107565 0 1941638 0 18357510
515 0 23451459 0 3113672 0 1944562 0 18393225
516 0 23495942 0 3119688 0 1947314 0 18428940
517 0 23542965 0 3125688 0 1952622 0 18464655
518 0 23588720 0 3131798 0 1956552 0 18500370
519 0 23633814 0 3137749 0 1959980 0 18536085
520 0 23678702 0 3143755 0 1963147 0 18571800
521 0 23724487 0 3149881 0 1967091 0 18607515
522 0 23769371 0 3155949 0 1970192 0 18643230
523 0 23814599 0 3162031 0 1973623 0 18678945
524 0 23861097 0 3168025 0 1978412 0 18714660
525 0 23906638 0 3174098 0 1982165 0 18750375
526 0 23951930 0 3180318 0 1985522 0 18786090
527 0 23996716 0 3186386 0 1988525 0 18821805
528 0 24040635 0 3192383 0 1990732 0 18857520
529 0 24085570 0 3198373 0 1993962 0 18893235
530 0 24131124 0 3204421 0 1997753 0 18928950
531 0 24177862 0 3210498 0 2002699 0 18964665
532 0 24222975 0 3216624 0 2005971 0 19000380
533 0 24269025 0 3222690 0 2010240 0 19036095
534 0 24315437 0 3228770 0 2014857 0 19071810
535 0 24360774 0 3234651 0 2018598 0 19107525
536 0 24406391 0 3240709 0 2022442 0 19143240
537 0 24453343 0 3246787 0 2027601 0 19178955
538 0 24499492 0 3252668 0 2032154 0 19214670
539 0 24544835 0 3258699 0 2035751 0 19250385
540 0 24589575 0 3264622 0 2038853 0 19286100
541 0 24635336 0 3270730 0 2042791 0 19321815
542 0 24680642 0 3276815 0 2046297 0 19357530
543 0 24727282 0 3282947 0 2051090 0 19393245
544 0 24772928 0 3289016 0 2054952 0 19428960
545 0 24819537 0 3295045 0 2059817 0 19464675
546 0 24864074 0 3300942 0 2062742 0 19500390
547 0 24908778 0 3306950 0 2065723 0 19536105
548 0 24954213 0 3312916 0 2069477 0 19571820
549 0 25000389 0 3319009 0 2073845 0 19607535
550 0 25045698 0 3325175 0 2077273 0 19643250
551 0 25092020 0 3331115 0 2081940 0 19678965
552 0 25137584 0 3337000 0 2085904 0 19714680
553 0 25184533 0 3343080 0 2091058 0 19750395
554 0 25230801 0 3349117 0 2095574 0 19786110
555 0 25276425 0 3355054 0 2099546 0 19821825
556 0 25321326 0 3361103 0 2102683 0 19857540
557 0 25366021 0 3367085 0 2105681 0 19893255
558 0 25413167 0 3373197 0 2111000 0 19928970
559 0 25458222 0 3379297 0 2114240 0 19964685
560 0 25503559 0 3385278 0 2117881 0 20000400
561 0 25548339 0 3391242 0 2120982 0 20036115
562 0 25594137 0 3397209 0 2125098 0 20071830
563 0 25639541 0 3403275 0 2128721 0 20107545
564 0 25684201 0 3409268 0 2131673 0 20143260
565 0 25730532 0 3415217 0 2136340 0 20178975
566 0 25777218 0 3421375 0 2141153 0 20214690
567 0 25822556 0 3427444 0 2144707 0 20250405
568 0 25867808 0 3433599 0 2148089 0 20286120
569 0 25912672 0 3439745 0 2151092 0 20321835
570 0 25957504 0 3445814 0 2154140 0 20357550
571 0 26003584 0 3451881 0 2158438 0 20393265
572 0 26050159 0 3457906 0 2163273 0 20428980
573 0 26096621 0 3463934 0 2167992 0 20464695
574 0 26142861 0 3469922 0 2172529 0 20500410
575 0 26188552 0 3476022 0 2176405 0 20536125
576 0 26234002 0 3482177 0 2179985 0 20571840
577 0 26279742 0 3488261 0 2183926 0 20607555
578 0 26326270 0 3494375 0 2188625 0 20643270
579 0 26370931 0 3500390 0 2191556 0 20678985
580 0 26417127 0 3506401 0 2196026 0 20714700
581 0 26462410 0 3512423 0 2199572 0 20750415
582 0 26507879 0 3518494 0 2203255 0 20786130
583 0 26552578 0 3524456 0 2206277 0 20821845
584 0 26598048 0 3530490 0 2209998 0 20857560
585 0 26645479 0 3536556 0 2215648 0 20893275
586 0 26690541 0 3542573 0 2218978 0 20928990
587 0 26734647 0 3548471 0 2221471 0 20964705
588 0 26779902 0 3554514 0 2224968 0 21000420
589 0 26825463 0 3560549 0 2228779 0 21036135
590 0 26869811 0 3566663 0 2231298 0 21071850
591 0 26915122 0 3572823 0 2234734 0 21107565
592 0 26960749 0 3578839 0 2238630 0 21143280
593 0 27006552 0 3585084 0 2242473 0 21178995
594 0 27051285 0 3591121 0 2245454 0 21214710
595 0 27096711 0 3597133 0 2249153 0 21250425
596 0 27143137 0 3603207 0 2253790 0 21286140
597 0 27188609 0 3609229 0 2257525 0 21321855
598 0 27233954 0 3615227 0 2261157 0 21357570
599 0 27279488 0 3621236 0 2264967 0 21393285
600 0 27323652 0 3627309 0 2267343 0 21429000
601 0 27369348 0 3633394 0 2271239 0 21464715
602 0 27414972 0 3639493 0 2275049 0 21500430
603 0 27460525 0 3645465 0 2278915 0 21536145
604 0 27506709 0 3651702 0 2283147 0 21571860
605 0 27554176 0 3657729 0 2288872 0 21607575
606 0 27598847 0 3663726 0 2291831 0 21643290
607 0 27645241 0 3669782 0 2296454 0 21679005
608 0 27689285 0 3675759 0 2298806 0 21714720
609 0 27733739 0 3681854 0 2301450 0 21750435
610 0 27779231 0 3687861 0 2305220 0 21786150
611 0 27825392 0 3693924 0 2309603 0 21821865
612 0 27871035 0 3699983 0 2313472 0 21857580
613 0 27915905 0 3706121 0 2316489 0 21893295
614 0 27961246 0 3712169 0 2320067 0 21929010
615 0 28007135 0 3718234 0 2324176 0 21964725
616 0 28053122 0 3724233 0 2328449 0 22000440
617 0 28099072 0 3730366 0 2332551 0 22036155
618 0 28144797 0 3736354 0 2336573 0 22071870
619 0 28190414 0 3742299 0 2340530 0 22107585
620 0 28236184 0 3748280 0 2344604 0 22143300
621 0 28280807 0 3754135 0 2347657 0 22179015
622 0 28325652 0 3760156 0 2350766 0 22214730
623 0 28370876 0 3766211 0 2354220 0 22250445
624 0 28415291 0 3772273 0 2356858 0 22286160
625 0 28459678 0 3778267 0 2359536 0 22321875
626 0 28505041 0 3784287 0 2363164 0 22357590
627 0 28550389 0 3790224 0 2366860 0 22393305
628 0 28595196 0 3796371 0 2369805 0 22429020
629 0 28639970 0 3802357 0 2372878 0 22464735
630 0 28684136 0 3808324 0 2375362 0 22500450
631 0 28728878 0 3814351 0 2378362 0 22536165
632 0 28773951 0 3820290 0 2381781 0 22571880
633 0 28819883 0 3826403 0 2385885 0 22607595
634 0 28864616 0 3832534 0 2388772 0 22643310
635 0 28910118 0 3838518 0 2392575 0 22679025
636 0 28955326 0 3844609 0 2395977 0 22714740
637 0 29001252 0 3850786 0 2400011 0 22750455
638 0 29046057 0 3856683 0 2403204 0 22786170
639 0 29091236 0 3862817 0 2406534 0 22821885
640 0 29136511 0 3868764 0 2410147 0 22857600
641 0 29182186 0 3874916 0 2413955 0 22893315
642 0 29228262 0 3881065 0 2418167 0 22929030
643 0 29273579 0 3887169 0 2421665 0 22964745
644 0 29318950 0 3893186 0 2425304 0 23000460
645 0 29363629 0 3899178 0 2428276 0 23036175
646 0 29407042 0 3905122 0 2430030 0 23071890
647 0 29452322 0 3911125 0 2433592 0 23107605
648 0 29497535 0 3917096 0 2437119 0 23143320
649 0 29542796 0 3923217 0 2440544 0 23179035
650 0 29587072 0 3929204 0 2443118 0 23214750
651 0 29632208 0 3935170 0 2446573 0 23250465
652 0 29678389 0 3941166 0 2451043 0 23286180
653 0 29725185 0 3947174 0 2456116 0 23321895
654 0 29772360 0 3953187 0 2461563 0 23357610
655 0 29818472 0 3959314 0 2465833 0 23393325
656 0 29863127 0 3965347 0 2468740 0 23429040
657 0 29907649 0 3971282 0 2471612 0 23464755
658 0 29953184 0 3977270 0 2475444 0 23500470
659 0 29999009 0 3983399 0 2479425 0 23536185
660 0 30043080 0 3989430 0 2481750 0 23571900
661 0 30087881 0 3995418 0 2484848 0 23607615
662 0 30132358 0 4001406 0 2487622 0 23643330
663 0 30177590 0 4007480 0 2491065 0 23679045
664 0 30221978 0 4013465 0 2493753 0 23714760
665 0 30267652 0 4019426 0 2497751 0 23750475
666 0 30313145 0 4025634 0 2501321 0 23786190
667 0 30358715 0 4031672 0 2505138 0 23821905
668 0 30402773 0 4037578 0 2507575 0 23857620
669 0 30446766 0 4043773 0 2509658 0 23893335
670 0 30492962 0 4049910 0 2514002 0 23929050
671 0 30536850 0 4055843 0 2516242 0 23964765
672 0 30582297 0 4061992 0 2519825 0 24000480
673 0 30628299 0 4068254 0 2523850 0 24036195
674 0 30672907 0 4074193 0 2526804 0 24071910
675 0 30717776 0 4080323 0 2529828 0 24107625
676 0 30763123 0 4086388 0 2533395 0 24143340
677 0 30808379 0 4092501 0 2536823 0 24179055
678 0 30853728 0 4098407 0 2540551 0 24214770
679 0 30900032 0 4104592 0 2544955 0 24250485
680 0 30945225 0 4110496 0 2548529 0 24286200
681 0 30990500 0 4116546 0 2552039 0 24321915
682 0 31037866 0 4122508 0 2557728 0 24357630
683 0 31083567 0 4128500 0 2561722 0 24393345
684 0 31127895 0 4134555 0 2564280 0 24429060
685 0 31173651 0 4140655 0 2568221 0 24464775
686 0 31218093 0 4146609 0 2570994 0 24500490
687 0 31264517 0 4152529 0 2575783 0 24536205
688 0 31308949 0 4158566 0 2578463 0 24571920
689 0 31354074 0 4164597 0 2581842 0 24607635
690 0 31399396 0 4170702 0 2585344 0 24643350
691 0 31445517 0 4176817 0 2589635 0 24679065
692 0 31491232 0 4182850 0 2593602 0 24714780
693 0 31536881 0 4188828 0 2597558 0 24750495
694 0 31583079 0 4195013 0 2601856 0 24786210
695 0 31629387 0 4200820 0 2606642 0 24821925
696 0 31675390 0 4206913 0 2610837 0 24857640
697 0 31720047 0 4212866 0 2613826 0 24893355
698 0 31765572 0 4218834 0 2617668 0 24929070
699 0 31810700 0 4224877 0 2621038 0 24964785
700 0 31856197 0 4230997 0 2624700 0 25000500
701 0 31902521 0 4236994 0 2629312 0 25036215
702 0 31948048 0 4242986 0 2633132 0 25071930
703 0 31993074 0 4249005 0 2636424 0 25107645
704 0 32039097 0 4255081 0 2640656 0 25143360
705 0 32083803 0 4261071 0 2643657 0 25179075
706 0 32129349 0 4266991 0 2647568 0 25214790
707 0 32175095 0 4272908 0 2651682 0 25250505
708 0 32220479 0 4279026 0 2655233 0 25286220
709 0 32266407 0 4285137 0 2659335 0 25321935
710 0 32313753 0 4291025 0 2665078 0 25357650
711 0 32359143 0 4297096 0 2668682 0 25393365
712 0 32404987 0 4303142 0 2672765 0 25429080
713 0 32450770 0 4309244 0 2676731 0 25464795
714 0 32495686 0 4315340 0 2679836 0 25500510
715 0 32541690 0 4321199 0 2684266 0 25536225
716 0 32587193 0 4327358 0 2687895 0 25571940
717 0 32632028 0 4333423 0 2690950 0 25607655
718 0 32677391 0 4339501 0 2694520 0 25643370
719 0 32724030 0 4345551 0 2699394 0 25679085
720 0 32769930 0 4351547 0 2703583 0 25714800
721 0 32815770 0 4357726 0 2707529 0 25750515
722 0 32860892 0 4363738 0 2710924 0 25786230
723 0 32906464 0 4369818 0 2714701 0 25821945
724 0 32952603 0 4375820 0 2719123 0 25857660
725 0 32998885 0 4381682 0 2723828 0 25893375
726 0 33043744 0 4387779 0 2726875 0 25929090
727 0 33090070 0 4393877 0 2731388 0 25964805
728 0 33134511 0 4399919 0 2734072 0 26000520
729 0 33179032 0 4405949 0 2736848 0 26036235
730 0 33224046 0 4411933 0 2740163 0 26071950
731 0 33268276 0 4417904 0 2742707 0 26107665
732 0 33313532 0 4423922 0 2746230 0 26143380
733 0 33359202 0 4429958 0 2750149 0 26179095
734 0 33404281 0 4435975 0 2753496 0 26214810
735 0 33449136 0 4441993 0 2756618 0 26250525
736 0 33494434 0 4447947 0 2760247 0 26286240
737 0 33540445 0 4453917 0 2764573 0 26321955
738 0 33585211 0 4459816 0 2767725 0 26357670
739 0 33630511 0 4465747 0 2771379 0 26393385
740 0 33676548 0 4471971 0 2775477 0 26429100
741 0 33722665 0 4478013 0 2779837 0 26464815
742 0 33767957 0 4484072 0 2783355 0 26500530
743 0 33812873 0 4490042 0 2786586 0 26536245
744 0 33858864 0 4496003 0 2790901 0 26571960
745 0 33905160 0 4502060 0 2795425 0 26607675
746 0 33950831 0 4508138 0 2799303 0 26643390
747 0 33996888 0 4514217 0 2803566 0 26679105
748 0 34043710 0 4520206 0 2808684 0 26714820
749 0 34088083 0 4526388 0 2811160 0 26750535
750 0 34133340 0 4532316 0 2814774 0 26786250
751 0 34178497 0 4538262 0 2818270 0 26821965
752 0 34224332 0 4544262 0 2822390 0 26857680
753 0 34271568 0 4550321 0 2827852 0 26893395
754 0 34317541 0 4556359 0 2832072 0 26929110
755 0 34361685 0 4562356 0 2834504 0 26964825
756 0 34408380 0 4568452 0 2839388 0 27000540
757 0 34453664 0 4574405 0 2843004 0 27036255
758 0 34500516 0 4580340 0 2848206 0 27071970
759 0 34545929 0 4586516 0 2851728 0 27107685
760 0 34591409 0 4592551 0 2855458 0 27143400
761 0 34637347 0 4598699 0 2859533 0 27179115
762 0 34681942 0 4604799 0 2862313 0 27214830
763 0 34727355 0 4611009 0 2865801 0 27250545
764 0 34773512 0 4617008 0 2870244 0 27286260
765 0 34820151 0 4623051 0 2875125 0 27321975
766 0 34866948 0 4629089 0 2880169 0 27357690
767 0 34912967 0 4635264 0 2884298 0 27393405
768 0 34958630 0 4641338 0 2888172 0 27429120
769 0 35004615 0 4647482 0 2892298 0 27464835
770 0 35051425 0 4653621 0 2897254 0 27500550
771 0 35096537 0 4659708 0 2900564 0 27536265
772 0 35142679 0 4665825 0 2904874 0 27571980
773 0 35188048 0 4671794 0 2908559 0 27607695
774 0 35233650 0 4677757 0 2912483 0 27643410
775 0 35278599 0 4683678 0 2915796 0 27679125
776 0 35324022 0 4689700 0 2919482 0 27714840
777 0 35371033 0 4695730 0 2924748 0 27750555
778 0 35416456 0 4701674 0 2928512 0 27786270
779 0 35461614 0 4707665 0 2931964 0 27821985
780 0 35507860 0 4713760 0 2936400 0 27857700
781 0 35554177 0 4719877 0 2940885 0 27893415
782 0 35599976 0 4725856 0 2944990 0 27929130
783 0 35645991 0 4731957 0 2949189 0 27964845
784 0 35690383 0 4738080 0 2951743 0 28000560
785 0 35735373 0 4744140 0 2954958 0 28036275
786 0 35781869 0 4750303 0 2959576 0 28071990
787 0 35827529 0 4756523 0 2963301 0 28107705
788 0 35871683 0 4762478 0 2965785 0 28143420
789 0 35916561 0 4768585 0 2968841 0 28179135
790 0 35961503 0 4774605 0 2972048 0 28214850
791 0 36006229 0 4780621 0 2975043 0 28250565
792 0 36051249 0 4786653 0 2978316 0 28286280
793 0 36096559 0 4792679 0 2981885 0 28321995
794 0 36141282 0 4798659 0 2984913 0 28357710
795 0 36188115 0 4804742 0 2989948 0 28393425
796 0 36232973 0 4810720 0 2993113 0 28429140
797 0 36278918 0 4816678 0 2997385 0 28464855
798 0 36324862 0 4822627 0 3001665 0 28500570
799 0 36369990 0 4828612 0 3005093 0 28536285
800 0 36414544 0 4834589 0 3007955 0 28572000
801 0 36460092 0 4840670 0 3011707 0 28607715
802 0 36506335 0 4846799 0 3016106 0 28643430
803 0 36550842 0 4852892 0 3018805 0 28679145
804 0 36597096 0 4859050 0 3023186 0 28714860
805 0 36642864 0 4865174 0 3027115 0 28750575
806 0 36687160 0 4871116 0 3029754 0 28786290
807 0 36733047 0 4877270 0 3033772 0 28822005
808 0 36777413 0 4883214 0 3036479 0 28857720
809 0 36824137 0 4889186 0 3041516 0 28893435
810 0 36868355 0 4895058 0 3044147 0 28929150
811 0 36915051 0 4901098 0 3049088 0 28964865
812 0 36963084 0 4907137 0 3055367 0 29000580
813 0 37008048 0 4913125 0 3058628 0 29036295
814 0 37052700 0 4919103 0 3061587 0 29072010
815 0 37099461 0 4925138 0 3066598 0 29107725
816 0 37144821 0 4931165 0 3070216 0 29143440
817 0 37189879 0 4937249 0 3073475 0 29179155
818 0 37235982 0 4943184 0 3077928 0 29214870
819 0 37281003 0 4949226 0 3081192 0 29250585
820 0 37325576 0 4955220 0 3084056 0 29286300
821 0 37370463 0 4961355 0 3087093 0 29322015
822 0 37415292 0 4967429 0 3090133 0 29357730
823 0 37461239 0 4973601 0 3094193 0 29393445
824 0 37507141 0 4979624 0 3098357 0 29429160
825 0 37552148 0 4985670 0 3101603 0 29464875
826 0 37596632 0 4991707 0 3104335 0 29500590
827 0 37642813 0 4997835 0 3108673 0 29536305
828 0 37689224 0 5003824 0 3113380 0 29572020
829 0 37735160 0 5009911 0 3117514 0 29607735
830 0 37780177 0 5016062 0 3120665 0 29643450
831 0 37826319 0 5022094 0 3125060 0 29679165
832 0 37872801 0 5028099 0 3129822 0 29714880
833 0 37918957 0 5034093 0 3134269 0 29750595
834 0 37966418 0 5040109 0 3139999 0 29786310
835 0 38012458 0 5046118 0 3144315 0 29822025
836 0 38058562 0 5052191 0 3148631 0 29857740
837 0 38104246 0 5058235 0 3152556 0 29893455
838 0 38148584 0 5064337 0 3155077 0 29929170
839 0 38194248 0 5070411 0 3158952 0 29964885
840 0 38239976 0 5076409 0 3162967 0 30000600
841 0 38285385 0 5082497 0 3166573 0 30036315
842 0 38330498 0 5088466 0 3170002 0 30072030
843 0 38375329 0 5094556 0 3173028 0 30107745
844 0 38420263 0 5100783 0 3176020 0 30143460
845 0 38465420 0 5106846 0 3179399 0 30179175
846 0 38510558 0 5113021 0 3182647 0 30214890
847 0 38556636 0 5119001 0 3187030 0 30250605
848 0 38600826 0 5124971 0 3189535 0 30286320
849 0 38646373 0 5131080 0 3193258 0 30322035
850 0 38693023 0 5137051 0 3198222 0 30357750
851 0 38737140 0 5143051 0 3200624 0 30393465
852 0 38782628 0 5149105 0 3204343 0 30429180
853 0 38829180 0 5155265 0 3209020 0 30464895
854 0 38875577 0 5161401 0 3213566 0 30500610
855 0 38921637 0 5167437 0 3217875 0 30536325
856 0 38967748 0 5173564 0 3222144 0 30572040
857 0 39013444 0 5179686 0 3226003 0 30607755
858 0 39059172 0 5185694 0 3230008 0 30643470
859 0 39103473 0 5191783 0 3232505 0 30679185
860 0 39148563 0 5197842 0 3235821 0 30714900
861 0 39193033 0 5203843 0 3238575 0 30750615
862 0 39237691 0 5209824 0 3241537 0 30786330
863 0 39284222 0 5215908 0 3246269 0 30822045
864 0 39330007 0 5221961 0 3250286 0 30857760
865 0 39375457 0 5227909 0 3254073 0 30893475
866 0 39420703 0 5233858 0 3257655 0 30929190
867 0 39466119 0 5239940 0 3261274 0 30964905
868 0 39512631 0 5246029 0 3265982 0 31000620
869 0 39557616 0 5252086 0 3269195 0 31036335
870 0 39603272 0 5258166 0 3273056 0 31072050
871 0 39648834 0 5264165 0 3276904 0 31107765
872 0 39693565 0 5270274 0 3279811 0 31143480
873 0 39738586 0 5276246 0 3283145 0 31179195
874 0 39783992 0 5282237 0 3286845 0 31214910
875 0 39829086 0 5288303 0 3290158 0 31250625
876 0 39874255 0 5294303 0 3293612 0 31286340
877 0 39919247 0 5300295 0 3296897 0 31322055
878 0 39963049 0 5306376 0 3298903 0 31357770
879 0 40009251 0 5312310 0 3303456 0 31393485
880 0 40055116 0 5318336 0 3307580 0 31429200
881 0 40100619 0 5324399 0 3311305 0 31464915
882 0 40147773 0 5330536 0 3316607 0 31500630
883 0 40192877 0 5336561 0 3319971 0 31536345
884 0 40237725 0 5342515 0 3323150 0 31572060
885 0 40283666 0 5348627 0 3327264 0 31607775
886 0 40329757 0 5354667 0 3331600 0 31643490
887 0 40374509 0 5360598 0 3334706 0 31679205
888 0 40420429 0 5366624 0 3338885 0 31714920
889 0 40465246 0 5372488 0 3342123 0 31750635
890 0 40511881 0 5378540 0 3346991 0 31786350
891 0 40557486 0 5384717 0 3350704 0 31822065
892 0 40603585 0 5390636 0 3355169 0 31857780
893 0 40648255 0 5396628 0 3358132 0 31893495
894 0 40694516 0 5402746 0 3362560 0 31929210
895 0 40739723 0 5408926 0 3365872 0 31964925
896 0 40783695 0 5414937 0 3368118 0 32000640
897 0 40829270 0 5421126 0 3371789 0 32036355
898 0 40873714 0 5427148 0 3374496 0 32072070
899 0 40919522 0 5433122 0 3378615 0 32107785
900 0 40965011 0 5439128 0 3382383 0 32143500
901 0 41011022 0 5445225 0 3386582 0 32179215
902 0 41056771 0 5451334 0 3390507 0 32214930
903 0 41102141 0 5457389 0 3394107 0 32250645
904 0 41149295 0 5463558 0 3399377 0 32286360
905 0 41194268 0 5469571 0 3402622 0 32322075
906 0 41239584 0 5475620 0 3406174 0 32357790
907 0 41285785 0 5481737 0 3410543 0 32393505
908 0 41330745 0 5487879 0 3413646 0 32429220
909 0 41376687 0 5493883 0 3417869 0 32464935
910 0 41422853 0 5499982 0 3422221 0 32500650
911 0 41467531 0 5505947 0 3425219 0 32536365
912 0 41513752 0 5512038 0 3429634 0 32572080
913 0 41558730 0 5517954 0 3432981 0 32607795
914 0 41603660 0 5524049 0 3436101 0 32643510
915 0 41648696 0 5530128 0 3439343 0 32679225
916 0 41694000 0 5536159 0 3442901 0 32714940
917 0 41738698 0 5542176 0 3445867 0 32750655
918 0 41783786 0 5548158 0 3449258 0 32786370
919 0 41829065 0 5554281 0 3452699 0 32822085
920 0 41874639 0 5560173 0 3456666 0 32857800
921 0 41921122 0 5566348 0 3461259 0 32893515
922 0 41968189 0 5572235 0 3466724 0 32929230
923 0 42013269 0 5578173 0 3470151 0 32964945
924 0 42058016 0 5584316 0 3473040 0 33000660
925 0 42103794 0 5590325 0 3477094 0 33036375
926 0 42148958 0 5596407 0 3480461 0 33072090
927 0 42193790 0 5602560 0 3483425 0 33107805
928 0 42238660 0 5608527 0 3486613 0 33143520
929 0 42283184 0 5614574 0 3489375 0 33179235
930 0 42328743 0 5620470 0 3493323 0 33214950
931 0 42373718 0 5626419 0 3496634 0 33250665
932 0 42418816 0 5632520 0 3499916 0 33286380
933 0 42464140 0 5638549 0 3503496 0 33322095
934 0 42509295 0 5644577 0 3506908 0 33357810
935 0 42555136 0 5650743 0 3510868 0 33393525
936 0 42601545 0 5656892 0 3515413 0 33429240
937 0 42647502 0 5662855 0 3519692 0 33464955
938 0 42692569 0 5668973 0 3522926 0 33500670
939 0 42737830 0 5674960 0 3526485 0 33536385
940 0 42782622 0 5681035 0 3529487 0 33572100
941 0 42828834 0 5687124 0 3533895 0 33607815
942 0 42873871 0 5693221 0 3537120 0 33643530
943 0 42920034 0 5699169 0 3541620 0 33679245
944 0 42966161 0 5705295 0 3545906 0 33714960
945 0 43011615 0 5711371 0 3549569 0 33750675
946 0 43057507 0 5717486 0 3553631 0 33786390
947 0 43103409 0 5723740 0 3557564 0 33822105
948 0 43148637 0 5729822 0 3560995 0 33857820
949 0 43194133 0 5735768 0 3564830 0 33893535
950 0 43239822 0 5741837 0 3568735 0 33929250
951 0 43285610 0 5747945 0 3572700 0 33964965
952 0 43332160 0 5754049 0 3577431 0 34000680
953 0 43376815 0 5760079 0 3580341 0 34036395
954 0 43421435 0 5766072 0 3583253 0 34072110
955 0 43466503 0 5771982 0 3586696 0 34107825
956 0 43512331 0 5778002 0 3590789 0 34143540
957 0 43559357 0 5784093 0 3596009 0 34179255
958 0 43605482 0 5790085 0 3600427 0 34214970
959 0 43650620 0 5796278 0 3603657 0 34250685
960 0 43696426 0 5802334 0 3607692 0 34286400
961 0 43741993 0 5808498 0 3611380 0 34322115
962 0 43787329 0 5814451 0 3615048 0 34357830
963 0 43832663 0 5820359 0 3618759 0 34393545
964 0 43876447 0 5826339 0 3620848 0 34429260
965 0 43921613 0 5832539 0 3624099 0 34464975
966 0 43968186 0 5838555 0 3628941 0 34500690
967 0 44014599 0 5844612 0 3633582 0 34536405
968 0 44060472 0 5850724 0 3637628 0 34572120
969 0 44106925 0 5856734 0 3642356 0 34607835
970 0 44152481 0 5862810 0 3646121 0 34643550
971 0 44198218 0 5868769 0 3650184 0 34679265
972 0 44243531 0 5874799 0 3653752 0 34714980
973 0 44288026 0 5880832 0 3656499 0 34750695
974 0 44332276 0 5886954 0 3658912 0 34786410
975 0 44377589 0 5892989 0 3662475 0 34822125
976 0 44422782 0 5899015 0 3665927 0 34857840
977 0 44466814 0 5905012 0 3668247 0 34893555
978 0 44513673 0 5911021 0 3673382 0 34929270
979 0 44559084 0 5917017 0 3677082 0 34964985
980 0 44604398 0 5923060 0 3680638 0 35000700
981 0 44650504 0 5929061 0 3685028 0 35036415
982 0 44696679 0 5935178 0 3689371 0 35072130
983 0 44742739 0 5941264 0 3693630 0 35107845
984 0 44787757 0 5947401 0 3696796 0 35143560
985 0 44834855 0 5953525 0 3702055 0 35179275
986 0 44880240 0 5959596 0 3705654 0 35214990
987 0 44925594 0 5965738 0 3709151 0 35250705
988 0 44971191 0 5971801 0 3712970 0 35286420
989 0 45015592 0 5977947 0 3715510 0 35322135
990 0 45060677 0 5983888 0 3718939 0 35357850
991 0 45106090 0 5989809 0 3722716 0 35393565
992 0 45151249 0 5995701 0 3726268 0 35429280
993 0 45196328 0 6001748 0 3729585 0 35464995
994 0 45241024 0 6007885 0 3732429 0 35500710
995 0 45286512 0 6014144 0 3735943 0 35536425
996 0 45332785 0 6020327 0 3740318 0 35572140
997 0 45378130 0 6026414 0 3743861 0 35607855
998 0 45423838 0 6032398 0 3747870 0 35643570
999 0 45469533 0 6038381 0 3751867 0 35679285
1000 0 45515174 0 6044434 0 3755740 0 35715000
1001 0 45560106 0 6050391 0 3759000 0 35750715
1002 0 45605181 0 6056432 0 3762319 0 35786430
1003 0 45651653 0 6062660 0 3766848 0 35822145
1004 0 45697451 0 6068668 0 3770923 0 35857860
1005 0 45743599 0 6074546 0 3775478 0 35893575
1006 0 45790515 0 6080786 0 3780439 0 35929290
1007 0 45836201 0 6086864 0 3784332 0 35965005
1008 0 45882461 0 6092780 0 3788961 0 36000720
1009 0 45928210 0 6098894 0 3792881 0 36036435
1010 0 45974323 0 6104901 0 3797272 0 36072150
1011 0 46018998 0 6111009 0 3800124 0 36107865
1012 0 46063841 0 6117216 0 3803045 0 36143580
1013 0 46110760 0 6123190 0 3808275 0 36179295
1014 0 46156079 0 6129267 0 3811802 0 36215010
1015 0 46201922 0 6135421 0 3815776 0 36250725
1016 0 46248442 0 6141464 0 3820538 0 36286440
1017 0 46295286 0 6147529 0 3825602 0 36322155
1018 0 46340063 0 6153479 0 3828714 0 36357870
1019 0 46385655 0 6159519 0 3832551 0 36393585
1020 0 46430186 0 6165698 0 3835188 0 36429300
1021 0 46475863 0 6171801 0 3839047 0 36465015
1022 0 46521042 0 6177846 0 3842466 0 36500730
1023 0 46567688 0 6184020 0 3847223 0 36536445
1024 0 46613479 0 6189979 0 3851340 0 36572160
1025 0 46657783 0 6195920 0 3853988 0 36607875
1026 0 46703716 0 6201912 0 3858214 0 36643590
1027 0 46749279 0 6207948 0 3862026 0 36679305
1028 0 46794627 0 6214013 0 3865594 0 36715020
1029 0 46840443 0 6220105 0 3869603 0 36750735
1030 0 46887165 0 6226111 0 3874604 0 36786450
1031 0 46934579 0 6232164 0 3880250 0 36822165
1032 0 46980339 0 6238133 0 3884326 0 36857880
1033 0 47025985 0 6244129 0 3888261 0 36893595
1034 0 47071083 0 6250202 0 3891571 0 36929310
1035 0 47116848 0 6256179 0 3895644 0 36965025
1036 0 47163567 0 6262205 0 3900622 0 37000740
1037 0 47207465 0 6268259 0 3902751 0 37036455
1038 0 47253294 0 6274262 0 3906862 0 37072170
1039 0 47297214 0 6280266 0 3909063 0 37107885
1040 0 47343646 0 6286136 0 3913910 0 37143600
1041 0 47389986 0 6292187 0 3918484 0 37179315
1042 0 47437065 0 6298254 0 3923781 0 37215030
1043 0 47481818 0 6304299 0 3926774 0 37250745
1044 0 47525698 0 6310239 0 3928999 0 37286460
1045 0 47572016 0 6316316 0 3933525 0 37322175
1046 0 47616422 0 6322348 0 3936184 0 37357890
1047 0 47662477 0 6328361 0 3940511 0 37393605
1048 0 47708286 0 6334385 0 3944581 0 37429320
1049 0 47754013 0 6340368 0 3948610 0 37465035
1050 0 47799343 0 6346477 0 3952116 0 37500750
1051 0 47845014 0 6352608 0 3955941 0 37536465
1052 0 47889679 0 6358586 0 3958913 0 37572180
1053 0 47935384 0 6364645 0 3962844 0 37607895
1054 0 47980881 0 6370625 0 3966646 0 37643610
1055 0 48026017 0 6376702 0 3969990 0 37679325
1056 0 48072693 0 6382809 0 3974844 0 37715040
1057 0 48118588 0 6388794 0 3979039 0 37750755
1058 0 48164245 0 6394755 0 3983020 0 37786470
1059 0 48209224 0 6400752 0 3986287 0 37822185
1060 0 48253850 0 6406897 0 3989053 0 37857900
1061 0 48299466 0 6412870 0 3992981 0 37893615
1062 0 48344005 0 6418927 0 3995748 0 37929330
1063 0 48391087 0 6424943 0 4001099 0 37965045
1064 0 48437704 0 6430988 0 4005956 0 38000760
1065 0 48484124 0 6437139 0 4010510 0 38036475
1066 0 48530736 0 6443171 0 4015375 0 38072190
1067 0 48575888 0 6449261 0 4018722 0 38107905
1068 0 48620683 0 6455277 0 4021786 0 38143620
1069 0 48666776 0 6461334 0 4026107 0 38179335
1070 0 48712015 0 6467363 0 4029602 0 38215050
1071 0 48757626 0 6473365 0 4033496 0 38250765
1072 0 48803609 0 6479290 0 4037839 0 38286480
1073 0 48849644 0 6485422 0 4042027 0 38322195
1074 0 48894937 0 6491500 0 4045527 0 38357910
1075 0 48939997 0 6497365 0 4049007 0 38393625
1076 0 48984248 0 6503339 0 4051569 0 38429340
1077 0 49031869 0 6509450 0 4057364 0 38465055
1078 0 49077195 0 6515444 0 4060981 0 38500770
1079 0 49121322 0 6521423 0 4063414 0 38536485
1080 0 49165488 0 6527270 0 4066018 0 38572200
1081 0 49210677 0 6533233 0 4069529 0 38607915
1082 0 49255498 0 6539346 0 4072522 0 38643630
1083 0 49301554 0 6545239 0 4076970 0 38679345
1084 0 49346976 0 6551258 0 4080658 0 38715060
1085 0 49392996 0 6557289 0 4084932 0 38750775
1086 0 49439113 0 6563355 0 4089268 0 38786490
1087 0 49484552 0 6569417 0 4092930 0 38822205
1088 0 49530009 0 6575400 0 4096689 0 38857920
1089 0 49575952 0 6581499 0 4100818 0 38893635
1090 0 49621631 0 6587583 0 4104698 0 38929350
1091 0 49666314 0 6593635 0 4107614 0 38965065
1092 0 49711239 0 6599689 0 4110770 0 39000780
1093 0 49756566 0 6605770 0 4114301 0 39036495
1094 0 49802843 0 6611819 0 4118814 0 39072210
1095 0 49848909 0 6617945 0 4123039 0 39107925
1096 0 49893558 0 6623927 0 4125991 0 39143640
1097 0 49940186 0 6629887 0 4130944 0 39179355
1098 0 49984766 0 6635911 0 4133785 0 39215070
1099 0 50030665 0 6642115 0 4137765 0 39250785
1100 0 50076011 0 6648055 0 4141456 0 39286500
1101 0 50121790 0 6654095 0 4145480 0 39322215
1102 0 50166557 0 6660110 0 4148517 0 39357930
1103 0 50212315 0 6666245 0 4152425 0 39393645
1104 0 50256565 0 6672220 0 4154985 0 39429360
1105 0 50302565 0 6678261 0 4159229 0 39465075
1106 0 50347466 0 6684313 0 4162363 0 39500790
1107 0 50393574 0 6690335 0 4166734 0 39536505
1108 0 50438654 0 6696442 0 4169992 0 39572220
1109 0 50484135 0 6702569 0 4173631 0 39607935
1110 0 50529372 0 6708562 0 4177160 0 39643650
1111 0 50574405 0 6714528 0 4180512 0 39679365
1112 0 50620542 0 6720686 0 4184776 0 39715080
1113 0 50666554 0 6726742 0 4189017 0 39750795
1114 0 50711615 0 6732839 0 4192266 0 39786510
1115 0 50756268 0 6738821 0 4195222 0 39822225
1116 0 50802437 0 6744955 0 4199542 0 39857940
1117 0 50848135 0 6751161 0 4203319 0 39893655
1118 0 50893702 0 6757142 0 4207190 0 39929370
1119 0 50939109 0 6763122 0 4210902 0 39965085
1120 0 50983902 0 6769132 0 4213970 0 40000800
1121 0 51028474 0 6775092 0 4216867 0 40036515
1122 0 51074160 0 6781053 0 4220877 0 40072230
1123 0 51119616 0 6787049 0 4224622 0 40107945
1124 0 51164625 0 6793162 0 4227803 0 40143660
1125 0 51209879 0 6799327 0 4231177 0 40179375
1126 0 51254148 0 6805464 0 4233594 0 40215090
1127 0 51299528 0 6811552 0 4237171 0 40250805
1128 0 51343804 0 6817641 0 4239643 0 40286520
1129 0 51389718 0 6823746 0 4243737 0 40322235
1130 0 51434380 0 6829822 0 4246608 0 40357950
1131 0 51479604 0 6835808 0 4250131 0 40393665
1132 0 51524475 0 6841857 0 4253238 0 40429380
1133 0 51569025 0 6847796 0 4256134 0 40465095
1134 0 51614353 0 6853813 0 4259730 0 40500810
1135 0 51659833 0 6859908 0 4263400 0 40536525
1136 0 51706549 0 6865927 0 4268382 0 40572240
1137 0 51752116 0 6871828 0 4272333 0 40607955
1138 0 51797240 0 6877870 0 4275700 0 40643670
1139 0 51842314 0 6883968 0 4278961 0 40679385
1140 0 51888455 0 6890067 0 4283288 0 40715100
1141 0 51933749 0 6896155 0 4286779 0 40750815
1142 0 51979164 0 6902081 0 4290553 0 40786530
1143 0 52024250 0 6908126 0 4293879 0 40822245
1144 0 52069641 0 6914145 0 4297536 0 40857960
1145 0 52114230 0 6920207 0 4300348 0 40893675
1146 0 52160310 0 6926227 0 4304693 0 40929390
1147 0 52208050 0 6932208 0 4310737 0 40965105
1148 0 52254422 0 6938217 0 4315385 0 41000820
1149 0 52300551 0 6944221 0 4319795 0 41036535
1150 0 52345282 0 6950441 0 4322591 0 41072250
1151 0 52390103 0 6956585 0 4325553 0 41107965
1152 0 52436268 0 6962641 0 4329947 0 41143680
1153 0 52482328 0 6968666 0 4334267 0 41179395
1154 0 52529146 0 6974599 0 4339437 0 41215110
1155 0 52575429 0 6980520 0 4344084 0 41250825
1156 0 52620582 0 6986567 0 4347475 0 41286540
1157 0 52666298 0 6992538 0 4351505 0 41322255
1158 0 52711017 0 6998602 0 4354445 0 41357970
1159 0 52756559 0 7004649 0 4358225 0 41393685
1160 0 52801303 0 7010605 0 4361298 0 41429400
1161 0 52847446 0 7016724 0 4365607 0 41465115
1162 0 52892670 0 7022819 0 4369021 0 41500830
1163 0 52937719 0 7028880 0 4372294 0 41536545
1164 0 52982179 0 7034839 0 4375080 0 41572260
1165 0 53028160 0 7040952 0 4379233 0 41607975
1166 0 53074254 0 7047001 0 4383563 0 41643690
1167 0 53119359 0 7053052 0 4386902 0 41679405
1168 0 53164565 0 7058964 0 4390481 0 41715120
1169 0 53209633 0 7065064 0 4393734 0 41750835
1170 0 53255120 0 7071104 0 4397466 0 41786550
1171 0 53300494 0 7077174 0 4401055 0 41822265
1172 0 53345548 0 7083299 0 4404269 0 41857980
1173 0 53391302 0 7089373 0 4408234 0 41893695
1174 0 53436651 0 7095391 0 4411850 0 41929410
1175 0 53482437 0 7101556 0 4415756 0 41965125
1176 0 53528464 0 7107694 0 4419930 0 42000840
1177 0 53573694 0 7113786 0 4423353 0 42036555
1178 0 53617831 0 7119857 0 4425704 0 42072270
1179 0 53664170 0 7126034 0 4430151 0 42107985
1180 0 53709488 0 7132075 0 4433713 0 42143700
1181 0 53754635 0 7138123 0 4437097 0 42179415
1182 0 53800263 0 7144093 0 4441040 0 42215130
1183 0 53845554 0 7150111 0 4444598 0 42250845
1184 0 53891482 0 7156069 0 4448853 0 42286560
1185 0 53937852 0 7162294 0 4453283 0 42322275
1186 0 53984108 0 7168144 0 4457974 0 42357990
1187 0 54029866 0 7174262 0 4461899 0 42393705
1188 0 54074622 0 7180260 0 4464942 0 42429420
1189 0 54120297 0 7186408 0 4468754 0 42465135
1190 0 54164673 0 7192410 0 4471413 0 42500850
1191 0 54209669 0 7198426 0 4474678 0 42536565
1192 0 54254293 0 7204357 0 4477656 0 42572280
1193 0 54301342 0 7210460 0 4482887 0 42607995
1194 0 54346042 0 7216489 0 4485843 0 42643710
1195 0 54392817 0 7222442 0 4490950 0 42679425
1196 0 54438398 0 7228506 0 4494752 0 42715140
1197 0 54484289 0 7234394 0 4499040 0 42750855
1198 0 54529609 0 7240378 0 4502661 0 42786570
1199 0 54576367 0 7246373 0 4507709 0 42822285
1200 0 54622376 0 7252354 0 4512022 0 42858000
1201 0 54667080 0 7258316 0 4515049 0 42893715
1202 0 54712921 0 7264277 0 4519214 0 42929430
1203 0 54758336 0 7270357 0 4522834 0 42965145
1204 0 54803605 0 7276366 0 4526379 0 43000860
1205 0 54849114 0 7282350 0 4530189 0 43036575
1206 0 54894624 0 7288476 0 4533858 0 43072290
1207 0 54939402 0 7294592 0 4536805 0 43108005
1208 0 54983662 0 7300617 0 4539325 0 43143720
1209 0 55030621 0 7306684 0 4544502 0 43179435
1210 0 55076333 0 7312812 0 4548371 0 43215150
1211 0 55121418 0 7318793 0 4551760 0 43250865
1212 0 55167021 0 7324794 0 4555647 0 43286580
1213 0 55213269 0 7330690 0 4560284 0 43322295
1214 0 55257793 0 7336746 0 4563037 0 43358010
1215 0 55303772 0 7342730 0 4567317 0 43393725
1216 0 55348352 0 7348821 0 4570091 0 43429440
1217 0 55394082 0 7354949 0 4573978 0 43465155
1218 0 55438265 0 7360892 0 4576503 0 43500870
1219 0 55484041 0 7367036 0 4580420 0 43536585
1220 0 55530078 0 7373068 0 4584710 0 43572300
1221 0 55576408 0 7378956 0 4589437 0 43608015
1222 0 55621290 0 7384931 0 4592629 0 43643730
1223 0 55667459 0 7391013 0 4597001 0 43679445
1224 0 55711968 0 7397078 0 4599730 0 43715160
1225 0 55756967 0 7403159 0 4602933 0 43750875
1226 0 55801903 0 7409234 0 4606079 0 43786590
1227 0 55847008 0 7415250 0 4609453 0 43822305
1228 0 55894585 0 7421337 0 4615228 0 43858020
1229 0 55939821 0 7427440 0 4618646 0 43893735
1230 0 55984392 0 7433490 0 4621452 0 43929450
1231 0 56031020 0 7439610 0 4626245 0 43965165
1232 0 56076200 0 7445591 0 4629729 0 44000880
1233 0 56121530 0 7451641 0 4633294 0 44036595
1234 0 56167556 0 7457643 0 4637603 0 44072310
1235 0 56213665 0 7463611 0 4642029 0 44108025
1236 0 56258941 0 7469765 0 4645436 0 44143740
1237 0 56304287 0 7475720 0 4649112 0 44179455
1238 0 56349483 0 7481761 0 4652552 0 44215170
1239 0 56394674 0 7487769 0 4656020 0 44250885
1240 0 56439368 0 7493813 0 4658955 0 44286600
1241 0 56484406 0 7500023 0 4662068 0 44322315
1242 0 56530293 0 7506113 0 4666150 0 44358030
1243 0 56578331 0 7512200 0 4672386 0 44393745
1244 0 56623877 0 7518199 0 4676218 0 44429460
1245 0 56669389 0 7524242 0 4679972 0 44465175
1246 0 56715850 0 7530298 0 4684662 0 44500890
1247 0 56762050 0 7536190 0 4689255 0 44536605
1248 0 56807782 0 7542231 0 4693231 0 44572320
1249 0 56852986 0 7548363 0 4696588 0 44608035
1250 0 56898596 0 7554520 0 4700326 0 44643750
1251 0 56944042 0 7560547 0 4704030 0 44679465
1252 0 56990234 0 7566625 0 4708429 0 44715180
1253 0 57036325 0 7572679 0 4712751 0 44750895
1254 0 57081897 0 7578780 0 4716507 0 44786610
1255 0 57128386 0 7584741 0 4721320 0 44822325
1256 0 57173431 0 7590707 0 4724684 0 44858040
1257 0 57220445 0 7596671 0 4730019 0 44893755
1258 0 57264651 0 7602773 0 4732408 0 44929470
1259 0 57309621 0 7608959 0 4735477 0 44965185
1260 0 57355163 0 7615024 0 4739239 0 45000900
1261 0 57400463 0 7621139 0 4742709 0 45036615
1262 0 57446442 0 7627294 0 4746818 0 45072330
1263 0 57492484 0 7633485 0 4750954 0 45108045
1264 0 57537123 0 7639622 0 4753741 0 45143760
1265 0 57582810 0 7645679 0 4757656 0 45179475
1266 0 57627965 0 7651634 0 4761141 0 45215190
1267 0 57673995 0 7657711 0 4765379 0 45250905
1268 0 57718634 0 7663761 0 4768253 0 45286620
1269 0 57764353 0 7669783 0 4772235 0 45322335
1270 0 57809616 0 7675800 0 4775766 0 45358050
1271 0 57854973 0 7681912 0 4779296 0 45393765
1272 0 57901072 0 7688075 0 4783517 0 45429480
1273 0 57946498 0 7694259 0 4787044 0 45465195
1274 0 57991354 0 7700168 0 4790276 0 45500910
1275 0 58035943 0 7706100 0 4793218 0 45536625
1276 0 58082074 0 7712065 0 4797669 0 45572340
1277 0 58127783 0 7718016 0 4801712 0 45608055
1278 0 58172469 0 7724046 0 4804653 0 45643770
1279 0 58218369 0 7730174 0 4808710 0 45679485
1280 0 58265142 0 7736269 0 4813673 0 45715200
1281 0 58310682 0 7742325 0 4817442 0 45750915
1282 0 58355377 0 7748494 0 4820253 0 45786630
1283 0 58400040 0 7754506 0 4823189 0 45822345
1284 0 58447125 0 7760620 0 4828445 0 45858060
1285 0 58492489 0 7766609 0 4832105 0 45893775
1286 0 58538182 0 7772696 0 4835996 0 45929490
1287 0 58583499 0 7778742 0 4839552 0 45965205
1288 0 58628179 0 7784783 0 4842476 0 46000920
1289 0 58673326 0 7790857 0 4845834 0 46036635
1290 0 58718297 0 7796764 0 4849183 0 46072350
1291 0 58765201 0 7802681 0 4854455 0 46108065
1292 0 58810457 0 7808641 0 4858036 0 46143780
1293 0 58855245 0 7814630 0 4861120 0 46179495
1294 0 58901136 0 7820653 0 4865273 0 46215210
1295 0 58945977 0 7826759 0 4868293 0 46250925
1296 0 58992456 0 7832778 0 4873038 0 46286640
1297 0 59037291 0 7838799 0 4876137 0 46322355
1298 0 59083086 0 7844911 0 4880105 0 46358070
1299 0 59128232 0 7850867 0 4883580 0 46393785
1300 0 59173925 0 7856976 0 4887449 0 46429500
1301 0 59218575 0 7863045 0 4890315 0 46465215
1302 0 59263317 0 7869132 0 4893255 0 46500930
1303 0 59309834 0 7875108 0 4898081 0 46536645
1304 0 59354379 0 7881007 0 4901012 0 46572360
1305 0 59399469 0 7887118 0 4904276 0 46608075
1306 0 59445108 0 7893143 0 4908175 0 46643790
1307 0 59490626 0 7899162 0 4911959 0 46679505
1308 0 59535551 0 7905381 0 4914950 0 46715220
1309 0 59582111 0 7911466 0 4919710 0 46750935
1310 0 59627180 0 7917597 0 4922933 0 46786650
1311 0 59673363 0 7923706 0 4927292 0 46822365
1312 0 59718462 0 7929653 0 4930729 0 46858080
1313 0 59763204 0 7935686 0 4933723 0 46893795
1314 0 59809310 0 7941705 0 4938095 0 46929510
1315 0 59854149 0 7947748 0 4941176 0 46965225
1316 0 59899448 0 7953734 0 4944774 0 47000940
1317 0 59945588 0 7959736 0 4949197 0 47036655
1318 0 59991150 0 7965707 0 4953073 0 47072370
1319 0 60036128 0 7971755 0 4956288 0 47108085
1320 0 60081803 0 7977848 0 4960155 0 47143800
1321 0 60126328 0 7983858 0 4962955 0 47179515
1322 0 60172561 0 7989949 0 4967382 0 47215230
1323 0 60217624 0 7995912 0 4970767 0 47250945
1324 0 60264704 0 8002058 0 4975986 0 47286660
1325 0 60309956 0 8008028 0 4979553 0 47322375
1326 0 60355895 0 8013916 0 4983889 0 47358090
1327 0 60401331 0 8019987 0 4987539 0 47393805
1328 0 60447188 0 8026034 0 4991634 0 47429520
1329 0 60492274 0 8031950 0 4995089 0 47465235
1330 0 60536961 0 8038000 0 4998011 0 47500950
1331 0 60581893 0 8044067 0 5001161 0 47536665
1332 0 60627649 0 8050130 0 5005139 0 47572380
1333 0 60672702 0 8056069 0 5008538 0 47608095
1334 0 60719102 0 8062176 0 5013116 0 47643810
1335 0 60764840 0 8068178 0 5017137 0 47679525
1336 0 60810737 0 8074138 0 5021359 0 47715240
1337 0 60856016 0 8080212 0 5024849 0 47750955
1338 0 60901807 0 8086191 0 5028946 0 47786670
1339 0 60948394 0 8092378 0 5033631 0 47822385
1340 0 60993233 0 8098392 0 5036741 0 47858100
1341 0 61039482 0 8104548 0 5041119 0 47893815
1342 0 61086830 0 8110669 0 5046631 0 47929530
1343 0 61133492 0 8116773 0 5051474 0 47965245
1344 0 61178444 0 8122789 0 5054695 0 48000960
1345 0 61224198 0 8128768 0 5058755 0 48036675
1346 0 61269974 0 8134809 0 5062775 0 48072390
1347 0 61316114 0 8140955 0 5067054 0 48108105
1348 0 61362167 0 8146954 0 5071393 0 48143820
1349 0 61406963 0 8152965 0 5074463 0 48179535
1350 0 61452134 0 8159080 0 5077804 0 48215250
1351 0 61498544 0 8165155 0 5082424 0 48250965
1352 0 61545488 0 8171209 0 5087599 0 48286680
1353 0 61590456 0 8177201 0 5090860 0 48322395
1354 0 61636316 0 8183178 0 5095028 0 48358110
1355 0 61683116 0 8189239 0 5100052 0 48393825
1356 0 61729068 0 8195306 0 5104222 0 48429540
1357 0 61774404 0 8201247 0 5107902 0 48465255
1358 0 61820692 0 8207195 0 5112527 0 48500970
1359 0 61866263 0 8213181 0 5116397 0 48536685
1360 0 61911682 0 8219175 0 5120107 0 48572400
1361 0 61957819 0 8225215 0 5124489 0 48608115
1362 0 62003708 0 8231222 0 5128656 0 48643830
1363 0 62049563 0 8237234 0 5132784 0 48679545
1364 0 62094535 0 8243196 0 5136079 0 48715260
1365 0 62140360 0 8249375 0 5140010 0 48750975
1366 0 62186009 0 8255297 0 5144022 0 48786690
1367 0 62231576 0 8261371 0 5147800 0 48822405
1368 0 62277691 0 8267479 0 5152092 0 48858120
1369 0 62323872 0 8273503 0 5156534 0 48893835
1370 0 62368583 0 8279690 0 5159343 0 48929550
1371 0 62413518 0 8285530 0 5162723 0 48965265
1372 0 62458919 0 8291554 0 5166385 0 49000980
1373 0 62504078 0 8297573 0 5169810 0 49036695
1374 0 62549948 0 8303614 0 5173924 0 49072410
1375 0 62595696 0 8309663 0 5177908 0 49108125
1376 0 62641391 0 8315622 0 5181929 0 49143840
1377 0 62688055 0 8321563 0 5186937 0 49179555
1378 0 62733992 0 8327674 0 5191048 0 49215270
1379 0 62778471 0 8333546 0 5193940 0 49250985
1380 0 62823735 0 8339529 0 5197506 0 49286700
1381 0 62869651 0 8345652 0 5201584 0 49322415
1382 0 62915254 0 8351846 0 5205278 0 49358130
1383 0 62960774 0 8357824 0 5209105 0 49393845
1384 0 63007348 0 8363929 0 5213859 0 49429560
1385 0 63052421 0 8369952 0 5217194 0 49465275
1386 0 63096792 0 8375873 0 5219929 0 49500990
1387 0 63141985 0 8381828 0 5223452 0 49536705
1388 0 63187546 0 8387872 0 5227254 0 49572420
1389 0 63233201 0 8393973 0 5231093 0 49608135
1390 0 63277259 0 8400065 0 5233344 0 49643850
1391 0 63322144 0 8406068 0 5236511 0 49679565
1392 0 63366212 0 8412130 0 5238802 0 49715280
1393 0 63411617 0 8418094 0 5242528 0 49750995
1394 0 63456136 0 8423991 0 5245435 0 49786710
1395 0 63502358 0 8429922 0 5250011 0 49822425
1396 0 63547429 0 8435974 0 5253315 0 49858140
1397 0 63595070 0 8441937 0 5259278 0 49893855
1398 0 63640398 0 8447951 0 5262877 0 49929570
1399 0 63685368 0 8453990 0 5266093 0 49965285
1400 0 63731200 0 8459954 0 5270246 0 50001000
1401 0 63776863 0 8466049 0 5274099 0 50036715
1402 0 63822853 0 8472138 0 5278285 0 50072430
1403 0 63868177 0 8478136 0 5281896 0 50108145
1404 0 63913932 0 8484143 0 5285929 0 50143860
1405 0 63958889 0 8490226 0 5289088 0 50179575
1406 0 64005067 0 8496354 0 5293423 0 50215290
1407 0 64050407 0 8502584 0 5296818 0 50251005
1408 0 64097176 0 8508615 0 5301841 0 50286720
1409 0 64141842 0 8514586 0 5304821 0 50322435
1410 0 64187962 0 8520586 0 5309226 0 50358150
1411 0 64233755 0 8526717 0 5313173 0 50393865
1412 0 64278842 0 8532727 0 5316535 0 50429580
1413 0 64324085 0 8538643 0 5320147 0 50465295
1414 0 64370285 0 8544751 0 5324524 0 50501010
1415 0 64415875 0 8550843 0 5328307 0 50536725
1416 0 64460741 0 8556869 0 5331432 0 50572440
1417 0 64506642 0 8562914 0 5335573 0 50608155
1418 0 64552229 0 8569051 0 5339308 0 50643870
1419 0 64597536 0 8575215 0 5342736 0 50679585
1420 0 64643072 0 8581367 0 5346405 0 50715300
1421 0 64688662 0 8587462 0 5350185 0 50751015
1422 0 64733349 0 8593504 0 5353115 0 50786730
1423 0 64779184 0 8599393 0 5357346 0 50822445
1424 0 64823327 0 8605325 0 5359842 0 50858160
1425 0 64868280 0 8611322 0 5363083 0 50893875
1426 0 64913173 0 8617425 0 5366158 0 50929590
1427 0 64959629 0 8623389 0 5370935 0 50965305
1428 0 65003905 0 8629399 0 5373486 0 51001020
1429 0 65049632 0 8635458 0 5377439 0 51036735
1430 0 65095495 0 8641336 0 5381709 0 51072450
1431 0 65141452 0 8647240 0 5386047 0 51108165
1432 0 65186899 0 8653293 0 5389726 0 51143880
1433 0 65232469 0 8659424 0 5393450 0 51179595
1434 0 65277317 0 8665512 0 5396495 0 51215310
1435 0 65323152 0 8671772 0 5400355 0 51251025
1436 0 65369220 0 8677805 0 5404675 0 51286740
1437 0 65415602 0 8683910 0 5409237 0 51322455
1438 0 65461170 0 8689887 0 5413113 0 51358170
1439 0 65505709 0 8696032 0 5415792 0 51393885
1440 0 65551232 0 8702161 0 5419471 0 51429600
1441 0 65596215 0 8708141 0 5422759 0 51465315
1442 0 65642525 0 8714256 0 5427239 0 51501030
1443 0 65687034 0 8720288 0 5430001 0 51536745
1444 0 65732548 0 8726457 0 5433631 0 51572460
1445 0 65778215 0 8732509 0 5437531 0 51608175
1446 0 65823877 0 8738668 0 5441319 0 51643890
1447 0 65869830 0 8744594 0 5445631 0 51679605
1448 0 65915459 0 8750545 0 5449594 0 51715320
1449 0 65960306 0 8756684 0 5452587 0 51751035
1450 0 66005501 0 8762732 0 5456019 0 51786750
1451 0 66051630 0 8768754 0 5460411 0 51822465
1452 0 66096893 0 8774748 0 5463965 0 51858180
1453 0 66141840 0 8780663 0 5467282 0 51893895
1454 0 66187431 0 8786877 0 5470944 0 51929610
1455 0 66232222 0 8792997 0 5473900 0 51965325
1456 0 66276474 0 8799087 0 5476347 0 52001040
1457 0 66322391 0 8805240 0 5480396 0 52036755
1458 0 66368405 0 8811400 0 5484535 0 52072470
1459 0 66414420 0 8817554 0 5488681 0 52108185
1460 0 66460004 0 8823572 0 5492532 0 52143900
1461 0 66504496 0 8829599 0 5495282 0 52179615
1462 0 66550599 0 8835672 0 5499597 0 52215330
1463 0 66596570 0 8841618 0 5503907 0 52251045
1464 0 66642396 0 8847744 0 5507892 0 52286760
1465 0 66689070 0 8853873 0 5512722 0 52322475
1466 0 66733520 0 8860035 0 5515295 0 52358190
1467 0 66780398 0 8866126 0 5520367 0 52393905
1468 0 66825184 0 8872292 0 5523272 0 52429620
1469 0 66870382 0 8878326 0 5526721 0 52465335
1470 0 66915493 0 8884399 0 5530044 0 52501050
1471 0 66962121 0 8890563 0 5534793 0 52536765
1472 0 67007305 0 8896520 0 5538305 0 52572480
1473 0 67053318 0 8902576 0 5542547 0 52608195
1474 0 67098407 0 8908467 0 5546030 0 52643910
1475 0 67144620 0 8914540 0 5550455 0 52679625
1476 0 67189850 0 8920540 0 5553970 0 52715340
1477 0 67237241 0 8926479 0 5559707 0 52751055
1478 0 67283255 0 8932442 0 5564043 0 52786770
1479 0 67328741 0 8938564 0 5567692 0 52822485
1480 0 67373406 0 8944589 0 5570617 0 52858200
1481 0 67418019 0 8950751 0 5573353 0 52893915
1482 0 67463072 0 8956734 0 5576708 0 52929630
1483 0 67508629 0 8962726 0 5580558 0 52965345
1484 0 67554022 0 8968796 0 5584166 0 53001060
1485 0 67599562 0 8974777 0 5588010 0 53036775
1486 0 67644512 0 8980791 0 5591231 0 53072490
1487 0 67689044 0 8986931 0 5593908 0 53108205
1488 0 67735472 0 8993077 0 5598475 0 53143920
1489 0 67780613 0 8999075 0 5601903 0 53179635
1490 0 67825597 0 9005171 0 5605076 0 53215350
1491 0 67870593 0 9011187 0 5608341 0 53251065
1492 0 67916518 0 9017265 0 5612473 0 53286780
1493 0 67960770 0 9023266 0 5615009 0 53322495
1494 0 68006343 0 9029309 0 5618824 0 53358210
1495 0 68052820 0 9035377 0 5623518 0 53393925
1496 0 68097558 0 9041392 0 5626526 0 53429640
1497 0 68142137 0 9047369 0 5629413 0 53465355
1498 0 68187389 0 9053432 0 5632887 0 53501070
1499 0 68233257 0 9059343 0 5637129 0 53536785
1500 0 68278280 0 9065337 0 5640443 0 53572500
1501 0 68323599 0 9071374 0 5644010 0 53608215
1502 0 68368739 0 9077402 0 5647407 0 53643930
1503 0 68413899 0 9083539 0 5650715 0 53679645
1504 0 68458364 0 9089630 0 5653374 0 53715360
1505 0 68504657 0 9095631 0 5657951 0 53751075
1506 0 68549509 0 9101705 0 5661014 0 53786790
1507 0 68594742 0 9107692 0 5664545 0 53822505
1508 0 68639638 0 9113697 0 5667721 0 53858220
1509 0 68684835 0 9119708 0 5671192 0 53893935
1510 0 68730804 0 9125795 0 5675359 0 53929650
1511 0 68776665 0 9131917 0 5679383 0 53965365
1512 0 68821795 0 9137963 0 5682752 0 54001080
1513 0 68867890 0 9143823 0 5687272 0 54036795
1514 0 68913950 0 9149890 0 5691550 0 54072510
1515 0 68959395 0 9155839 0 5695331 0 54108225
1516 0 69005929 0 9161842 0 5700147 0 54143940
1517 0 69052677 0 9167911 0 5705111 0 54179655
1518 0 69097573 0 9173825 0 5708378 0 54215370
1519 0 69142962 0 9179860 0 5712017 0 54251085
1520 0 69188891 0 9185847 0 5716244 0 54286800
1521 0 69234084 0 9191939 0 5719630 0 54322515
1522 0 69279593 0 9197905 0 5723458 0 54358230
1523 0 69324752 0 9203960 0 5726847 0 54393945
1524 0 69370250 0 9210058 0 5730532 0 54429660
1525 0 69416203 0 9216064 0 5734764 0 54465375
1526 0 69461639 0 9222206 0 5738343 0 54501090
1527 0 69506801 0 9228120 0 5741876 0 54536805
1528 0 69553361 0 9234258 0 5746583 0 54572520
1529 0 69598678 0 9240360 0 5750083 0 54608235
1530 0 69645483 0 9246463 0 5755070 0 54643950
1531 0 69691961 0 9252375 0 5759921 0 54679665
1532 0 69737427 0 9258461 0 5763586 0 54715380
1533 0 69782746 0 9264475 0 5767176 0 54751095
1534 0 69827421 0 9270445 0 5770166 0 54786810
1535 0 69873558 0 9276606 0 5774427 0 54822525
1536 0 69918399 0 9282847 0 5777312 0 54858240
1537 0 69963943 0 9289004 0 5780984 0 54893955
1538 0 70009271 0 9295037 0 5784564 0 54929670
1539 0 70054291 0 9301097 0 5787809 0 54965385
1540 0 70100155 0 9307081 0 5791974 0 55001100
1541 0 70146426 0 9313143 0 5796468 0 55036815
1542 0 70192884 0 9319236 0 5801118 0 55072530
1543 0 70238888 0 9325099 0 5805544 0 55108245
1544 0 70284659 0 9331244 0 5809455 0 55143960
1545 0 70330372 0 9337361 0 5813336 0 55179675
1546 0 70376527 0 9343498 0 5817639 0 55215390
1547 0 70420881 0 9349508 0 5820268 0 55251105
1548 0 70467613 0 9355557 0 5825236 0 55286820
1549 0 70512218 0 9361515 0 5828168 0 55322535
1550 0 70557057 0 9367431 0 5831376 0 55358250
1551 0 70600875 0 9373547 0 5833363 0 55393965
1552 0 70647375 0 9379620 0 5838075 0 55429680
1553 0 70694150 0 9385732 0 5843023 0 55465395
1554 0 70740171 0 9391789 0 5847272 0 55501110
1555 0 70786093 0 9397703 0 5851565 0 55536825
1556 0 70832945 0 9403699 0 5856706 0 55572540
1557 0 70878173 0 9409726 0 5860192 0 55608255
1558 0 70925236 0 9415725 0 5865541 0 55643970
1559 0 70969537 0 9421768 0 5868084 0 55679685
1560 0 71016656 0 9427878 0 5873378 0 55715400
1561 0 71061529 0 9433950 0 5876464 0 55751115
1562 0 71107646 0 9440103 0 5880713 0 55786830
1563 0 71152466 0 9445903 0 5884018 0 55822545
1564 0 71198154 0 9452001 0 5887893 0 55858260
1565 0 71242707 0 9457946 0 5890786 0 55893975
1566 0 71288428 0 9463970 0 5894768 0 55929690
1567 0 71335194 0 9469972 0 5899817 0 55965405
1568 0 71381044 0 9476042 0 5903882 0 56001120
1569 0 71426671 0 9482093 0 5907743 0 56036835
1570 0 71470848 0 9488253 0 5910045 0 56072550
1571 0 71516309 0 9494326 0 5913718 0 56108265
1572 0 71561678 0 9500328 0 5917370 0 56143980
1573 0 71607170 0 9506447 0 5921028 0 56179695
1574 0 71652883 0 9512412 0 5925061 0 56215410
1575 0 71697304 0 9518600 0 5927579 0 56251125
1576 0 71742559 0 9524749 0 5930970 0 56286840
1577 0 71787791 0 9530874 0 5934362 0 56322555
1578 0 71833297 0 9536968 0 5938059 0 56358270
1579 0 71879989 0 9543026 0 5942978 0 56393985
1580 0 71926400 0 9548951 0 5947749 0 56429700
1581 0 71971983 0 9554949 0 5951619 0 56465415
1582 0 72017015 0 9561009 0 5954876 0 56501130
1583 0 72062758 0 9566990 0 5958923 0 56536845
1584 0 72107473 0 9573017 0 5961896 0 56572560
1585 0 72153407 0 9579124 0 5966008 0 56608275
1586 0 72199631 0 9585334 0 5970307 0 56643990
1587 0 72243904 0 9591326 0 5972873 0 56679705
1588 0 72289267 0 9597395 0 5976452 0 56715420
1589 0 72335027 0 9603524 0 5980368 0 56751135
1590 0 72381052 0 9609489 0 5984713 0 56786850
1591 0 72425621 0 9615600 0 5987456 0 56822565
1592 0 72470993 0 9621647 0 5991066 0 56858280
1593 0 72516103 0 9627714 0 5994394 0 56893995
1594 0 72562193 0 9633783 0 5998700 0 56929710
1595 0 72607385 0 9639897 0 6002063 0 56965425
1596 0 72652014 0 9645837 0 6005037 0 57001140
1597 0 72697260 0 9651928 0 6008477 0 57036855
1598 0 72743361 0 9657969 0 6012822 0 57072570
1599 0 72788218 0 9663990 0 6015943 0 57108285
1600 0 72834270 0 9670052 0 6020218 0 57144000
1601 0 72880650 0 9676145 0 6024790 0 57179715
1602 0 72926628 0 9682271 0 6028927 0 57215430
1603 0 72972231 0 9688311 0 6032775 0 57251145
1604 0 73017822 0 9694368 0 6036594 0 57286860
1605 0 73063313 0 9700307 0 6040431 0 57322575
1606 0 73108328 0 9706332 0 6043706 0 57358290
1607 0 73154830 0 9712385 0 6048440 0 57394005
1608 0 73200953 0 9718487 0 6052746 0 57429720
1609 0 73245594 0 9724680 0 6055479 0 57465435
1610 0 73290285 0 9730722 0 6058413 0 57501150
1611 0 73337293 0 9736823 0 6063605 0 57536865
1612 0 73383517 0 9743052 0 6067885 0 57572580
1613 0 73428355 0 9748962 0 6071098 0 57608295
1614 0 73474261 0 9755029 0 6075222 0 57644010
1610 73506434 0 9761057 0 6065652 0 57679725
1616 0 73552192 0 9767051 0 6069701 0 57715440
1617 0 73597751 0 9773080 0 6073516 0 57751155
1618 0 73643398 0 9779138 0 6077390 0 57786870
1619 0 73689177 0 9785106 0 6081486 0 57822585
1620 0 73734545 0 9791139 0 6085106 0 57858300
1621 0 73779696 0 9797179 0 6088502 0 57894015
1622 0 73826525 0 9803265 0 6093530 0 57929730
1623 0 73872393 0 9809264 0 6097684 0 57965445
1624 0 73918317 0 9815298 0 6101859 0 58001160
1625 0 73963357 0 9821255 0 6105227 0 58036875
1626 0 74009092 0 9827386 0 6109116 0 58072590
1627 0 74054335 0 9833442 0 6112588 0 58108305
1628 0 74099754 0 9839454 0 6116280 0 58144020
1629 0 74146061 0 9845597 0 6120729 0 58179735
1630 0 74191999 0 9851528 0 6125021 0 58215450
1631 0 74237567 0 9857655 0 6128747 0 58251165
1632 0 74284117 0 9863657 0 6133580 0 58286880
1633 0 74330704 0 9869823 0 6138286 0 58322595
1634 0 74377356 0 9875966 0 6143080 0 58358310
1635 0 74423556 0 9882112 0 6147419 0 58394025
1636 0 74469540 0 9888204 0 6151596 0 58429740
1637 0 74515575 0 9894227 0 6155893 0 58465455
1638 0 74560120 0 9900134 0 6158816 0 58501170
1639 0 74606420 0 9906289 0 6163246 0 58536885
1640 0 74651849 0 9912356 0 6166893 0 58572600
1641 0 74695913 0 9918427 0 6169171 0 58608315
1642 0 74740819 0 9924468 0 6172321 0 58644030
1643 0 74786299 0 9930604 0 6175950 0 58679745
1644 0 74831956 0 9936793 0 6179703 0 58715460
1645 0 74877634 0 9942857 0 6183602 0 58751175
1646 0 74923223 0 9948996 0 6187337 0 58786890
1647 0 74969104 0 9955002 0 6191497 0 58822605
1648 0 75013796 0 9961129 0 6194347 0 58858320
1649 0 75058725 0 9967116 0 6197574 0 58894035
1650 0 75104108 0 9973241 0 6201117 0 58929750
1651 0 75149233 0 9979288 0 6204480 0 58965465
1652 0 75195261 0 9985262 0 6208819 0 59001180
1653 0 75240351 0 9991285 0 6212171 0 59036895
1654 0 75285621 0 9997400 0 6215611 0 59072610
1655 0 75331208 0 10003531 0 6219352 0 59108325
1656 0 75376254 0 10009486 0 6222728 0 59144040
1657 0 75422667 0 10015530 0 6227382 0 59179755
1658 0 75467393 0 10021493 0 6230430 0 59215470
1659 0 75512919 0 10027432 0 6234302 0 59251185
1660 0 75558905 0 10033424 0 6238581 0 59286900
1661 0 75603658 0 10039382 0 6241661 0 59322615
1662 0 75648843 0 10045424 0 6245089 0 59358330
1663 0 75694050 0 10051412 0 6248593 0 59394045
1664 0 75740040 0 10057457 0 6252823 0 59429760
1665 0 75786593 0 10063495 0 6257623 0 59465475
1666 0 75831768 0 10069527 0 6261051 0 59501190
1667 0 75877837 0 10075573 0 6265359 0 59536905
1668 0 75923636 0 10081629 0 6269387 0 59572620
1669 0 75969485 0 10087677 0 6273473 0 59608335
1670 0 76015632 0 10093782 0 6277800 0 59644050
1671 0 76061209 0 10099850 0 6281594 0 59679765
1672 0 76106810 0 10105942 0 6285388 0 59715480
1673 0 76152620 0 10111956 0 6289469 0 59751195
1674 0 76198588 0 10117931 0 6293747 0 59786910
1675 0 76243538 0 10124033 0 6296880 0 59822625
1676 0 76289347 0 10129979 0 6301028 0 59858340
1677 0 76335320 0 10136051 0 6305214 0 59894055
1678 0 76380747 0 10142032 0 6308945 0 59929770
1679 0 76426499 0 10147900 0 6313114 0 59965485
1680 0 76472360 0 10153899 0 6317261 0 60001200
1681 0 76516916 0 10159809 0 6320192 0 60036915
1682 0 76562119 0 10165848 0 6323641 0 60072630
1683 0 76607561 0 10171961 0 6327255 0 60108345
1684 0 76652625 0 10178013 0 6330552 0 60144060
1685 0 76698325 0 10184060 0 6334490 0 60179775
1686 0 76742718 0 10190079 0 6337149 0 60215490
1687 0 76789353 0 10196171 0 6341977 0 60251205
1688 0 76834982 0 10202255 0 6345807 0 60286920
1689 0 76880913 0 10208250 0 6350028 0 60322635
1690 0 76927392 0 10214274 0 6354768 0 60358350
1691 0 76973588 0 10220190 0 6359333 0 60394065
1692 0 77018914 0 10226197 0 6362937 0 60429780
1693 0 77064728 0 10232384 0 6366849 0 60465495
1694 0 77110444 0 10238431 0 6370803 0 60501210
1695 0 77155697 0 10244417 0 6374355 0 60536925
1696 0 77201102 0 10250562 0 6377900 0 60572640
1697 0 77246398 0 10256769 0 6381274 0 60608355
1698 0 77292843 0 10262858 0 6385915 0 60644070
1699 0 77338215 0 10268790 0 6389640 0 60679785
1700 0 77383307 0 10274873 0 6392934 0 60715500
1701 0 7742808 0 10280679 0 6383204 0 60751215
1702 0 77460553 0 10286676 0 6386947 0 60786930
1703 0 77506080 0 10292810 0 6390625 0 60822645
1704 0 77551883 0 10299027 0 6394496 0 60858360
1705 0 77596999 0 10305019 0 6397905 0 60894075
1706 0 77642137 0 10311086 0 6401261 0 60929790
1707 0 77687671 0 10317107 0 6405059 0 60965505
1708 0 77733008 0 10323283 0 6408505 0 61001220
1709 0 77778636 0 10329498 0 6412203 0 61036935
1710 0 77824363 0 10335517 0 6416196 0 61072650
1711 0 77869871 0 10341453 0 6420053 0 61108365
1712 0 77915184 0 10347627 0 6423477 0 61144080
1713 0 77960468 0 10353581 0 6427092 0 61179795
1714 0 78005679 0 10359542 0 6430627 0 61215510
1715 0 78051487 0 10365588 0 6434674 0 61251225
1716 0 78096500 0 10371593 0 6437967 0 61286940
1717 0 78142340 0 10377790 0 6441895 0 61322655
1718 0 78188120 0 10383916 0 6445834 0 61358370
1719 0 78233498 0 10389948 0 6449465 0 61394085
1720 0 78279113 0 10395994 0 6453319 0 61429800
1721 0 78324152 0 10402126 0 6456511 0 61465515
1722 0 78369136 0 10408215 0 6459691 0 61501230
1723 0 78415158 0 10414197 0 6464016 0 61536945
1724 0 78460786 0 10420270 0 6467856 0 61572660
1725 0 78506459 0 10426309 0 6471775 0 61608375
1726 0 78551884 0 10432330 0 6475464 0 61644090
1727 0 78597554 0 10438477 0 6479272 0 61679805
1728 0 78643092 0 10444444 0 6483128 0 61715520
1729 0 78688762 0 10450518 0 6487009 0 61751235
1730 0 78734699 0 10456553 0 6491196 0 61786950
1731 0 78779717 0 10462558 0 6494494 0 61822665
1732 0 78825243 0 10468664 0 6498199 0 61858380
1733 0 78870555 0 10474618 0 6501842 0 61894095
1734 0 78916446 0 10480655 0 6505981 0 61929810
1735 0 78962152 0 10486643 0 6509984 0 61965525
1736 0 79007978 0 10492752 0 6513986 0 62001240
1737 0 79053143 0 10498756 0 6517432 0 62036955
1738 0 79098510 0 10504761 0 6521079 0 62072670
1739 0 79144766 0 10510766 0 6525615 0 62108385
1740 0 79190627 0 10516679 0 6529848 0 62144100
1741 0 79235691 0 10522610 0 6533266 0 62179815
1742 0 79281407 0 10528755 0 6537122 0 62215530
1743 0 79326483 0 10534958 0 6540280 0 62251245
1744 0 79372024 0 10540895 0 6544169 0 62286960
1745 0 79417288 0 10546840 0 6547773 0 62322675
1746 0 79462821 0 10552865 0 6551566 0 62358390
1747 0 79508612 0 10559005 0 6555502 0 62394105
1748 0 79554102 0 10565184 0 6559098 0 62429820
1749 0 79599885 0 10571267 0 6563083 0 62465535
1750 0 79645212 0 10577281 0 6566681 0 62501250
1751 0 79690311 0 10583263 0 6570083 0 62536965
1752 0 79735455 0 10589251 0 6573524 0 62572680
1753 0 79780290 0 10595280 0 6576615 0 62608395
1754 0 79825338 0 10601330 0 6579898 0 62644110
1755 0 79871208 0 10607261 0 6584122 0 62679825
1756 0 79917096 0 10613509 0 6588047 0 62715540
1757 0 79962673 0 10619441 0 6591977 0 62751255
1758 0 80008384 0 10625535 0 6595879 0 62786970
1759 0 80054021 0 10631673 0 6599663 0 62822685
1760 0 80099635 0 10637840 0 6603395 0 62858400
1761 0 80145128 0 10643757 0 6607256 0 62894115
1762 0 80190017 0 10649818 0 6610369 0 62929830
1763 0 80234899 0 10655898 0 6613456 0 62965545
1764 0 80280597 0 10661890 0 6617447 0 63001260
1765 0 80326214 0 10667935 0 6621304 0 63036975
1766 0 80371657 0 10673981 0 6624986 0 63072690
1767 0 80417601 0 10680091 0 6629105 0 63108405
1768 0 80463146 0 10686180 0 6632846 0 63144120
1769 0 80508790 0 10692293 0 6636662 0 63179835
1770 0 80554473 0 10698331 0 6640592 0 63215550
1771 0 80600359 0 10704249 0 6644845 0 63251265
1772 0 80646281 0 10710308 0 6648993 0 63286980
1773 0 80691503 0 10716310 0 6652498 0 63322695
1774 0 80736718 0 10722308 0 6656000 0 63358410
1775 0 80782549 0 10728380 0 6660044 0 63394125
1776 0 80827838 0 10734450 0 6663548 0 63429840
1777 0 80873286 0 10740450 0 6667281 0 63465555
1778 0 80918812 0 10746514 0 6671028 0 63501270
1779 0 80964340 0 10752644 0 6674711 0 63536985
1780 0 81009698 0 10758646 0 6678352 0 63572700
1781 0 81054940 0 10764678 0 6681847 0 63608415
1782 0 81100720 0 10770887 0 6685703 0 63644130
1783 0 81146169 0 10776890 0 6689434 0 63679845
1784 0 81191532 0 10782832 0 6693140 0 63715560
1785 0 81236704 0 10788983 0 6696446 0 63751275
1786 0 81282209 0 10795010 0 60 6714022 0 63786990
1787 0 81341467 0 10800712 0 6718050 0 63822705
1788 0 81386681 0 10806691 0 6721570 0 63858420
1789 0 81431627 0 10812622 0 6724870 0 63894135
1790 0 81477064 0 10818540 0 6728674 0 63929850
1791 0 81522946 0 10824741 0 6732640 0 63965565
1792 0 81568693 0 10830780 0 6736633 0 64001280
1793 0 81614091 0 10836768 0 6740328 0 64036995
1794 0 81659699 0 10842933 0 6744056 0 64072710
1795 0 81705074 0 10848881 0 6747768 0 64108425
1796 0 81750619 0 10854997 0 6751482 0 64144140
1797 0 81796014 0 10860999 0 6755160 0 64179855
1798 0 81841688 0 10867080 0 6759038 0 64215570
1799 0 81887660 0 10873207 0 6763168 0 64251285
1800 0 81933649 0 10879372 0 6767277 0 64287000
1801 0 81979360 0 10885420 0 6771225 0 64322715
1802 0 82025063 0 10891423 0 6775210 0 64358430
1803 0 82070797 0 10897658 0 6778994 0 64394145
1804 0 82116415 0 10903721 0 6782834 0 64429860
1805 0 82161724 0 10909703 0 6786446 0 64465575
1806 0 82206982 0 10915676 0 6790016 0 64501290
1807 0 82252195 0 10921628 0 6793562 0 64537005
1808 0 82298099 0 10927730 0 6797649 0 64572720
1809 0 82343761 0 10933774 0 6801552 0 64608435
1810 0 82388951 0 10939773 0 6805028 0 64644150
1811 0 82434532 0 10945869 0 6808798 0 64679865
1812 0 82480232 0 10952017 0 6812635 0 64715580
1813 0 82525615 0 10958121 0 6816199 0 64751295
1814 0 82570789 0 10964111 0 6819668 0 64787010
1815 0 82616467 0 10970163 0 6823579 0 64822725
1816 0 82661869 0 10976187 0 6827242 0 64858440
1817 0 82707498 0 10982213 0 6831130 0 64894155
1818 0 82752878 0 10988269 0 6834739 0 64929870
1819 0 82798380 0 10994298 0 6838497 0 64965585
1820 0 82844101 0 11000543 0 6842258 0 65001300
1821 0 82889580 0 11006490 0 6846075 0 65037015
1822 0 82934907 0 11012487 0 6849690 0 65072730
1823 0 82980632 0 11018640 0 6853547 0 65108445
1824 0 83025971 0 11024722 0 6857089 0 65144160
1825 0 83071162 0 11030812 0 6860475 0 65179875
1826 0 83116709 0 11036857 0 6864262 0 65215590
1827 0 83162085 0 11042796 0 6867984 0 65251305
1828 0 83207672 0 11048774 0 6871878 0 65287020
1829 0 83253834 0 11054869 0 6876230 0 65322735
1830 0 83299050 0 11060892 0 6879708 0 65358450
1831 0 83344681 0 11066811 0 6883705 0 65394165
1832 0 83390589 0 11072906 0 6887803 0 65429880
1833 0 83436033 0 11078965 0 6891473 0 65465595
1834 0 83481768 0 11085011 0 6895447 0 65501310
1835 0 83526782 0 11090869 0 6898888 0 65537025
1836 0 83572295 0 11097004 0 6902551 0 65572740
1837 0 83617930 0 11103113 0 6906362 0 65608455
1838 0 83663133 0 11109021 0 6909942 0 65644170
1839 0 83708689 0 11115115 0 6913689 0 65679885
1840 0 83754717 0 11121141 0 6917976 0 65715600
1841 0 83800851 0 11127298 0 6922238 0 65751315
1842 0 83846148 0 11133253 0 6925865 0 65787030
1843 0 83891830 0 11139405 0 6929680 0 65822745
1844 0 83937251 0 11145475 0 6933316 0 65858460
1845 0 83982876 0 11151414 0 6937287 0 65894175
1846 0 84028734 0 11157521 0 6941323 0 65929890
1847 0 84074516 0 11163507 0 6945404 0 65965605
1848 0 84120214 0 11169637 0 6949257 0 66001320
1849 0 84165634 0 11175809 0 6952790 0 66037035
1850 0 84211132 0 11181922 0 6956460 0 66072750
1851 0 84256885 0 11187990 0 6960430 0 66108465
1852 0 84302361 0 11193978 0 6964203 0 66144180
1853 0 84347672 0 11199957 0 6967820 0 66179895
1854 0 84393439 0 11206010 0 6971819 0 66215610
1855 0 84438885 0 11212028 0 6975532 0 66251325
1856 0 84484120 0 11218078 0 6979002 0 66287040
1857 0 84529547 0 11224069 0 6982723 0 66322755
1858 0 84575074 0 11230098 0 6986506 0 66358470
1859 0 84620535 0 11236125 0 6990225 0 66394185
1860 0 84666105 0 11242215 0 6993990 0 66429900
1861 0 84711459 0 11248115 0 6997729 0 66465615
1862 0 84756860 0 11254142 0 7001388 0 66501330
1863 0 84802290 0 11260184 0 7005061 0 66537045
1864 0 84847664 0 11266211 0 7008693 0 66572760
1865 0 84893560 0 11272331 0 7012754 0 66608475
1866 0 84938972 0 11278327 0 7016455 0 66644190
1867 0 84984576 0 11284451 0 7020220 0 66679905
1868 0 85029966 0 11290500 0 7023846 0 66715620
1869 0 85075306 0 11296474 0 7027497 0 66751335
1870 0 85120963 0 11302569 0 7031344 0 66787050
1871 0 85166662 0 11308543 0 7035354 0 66822765
1872 0 85211827 0 11314669 0 7038678 0 66858480
1873 0 85257238 0 11320691 0 7042352 0 66894195
1874 0 85302727 0 11326828 0 7045989 0 66929910
1875 0 85348596 0 11332882 0 7050089 0 66965625
1876 0 85394000 0 11338899 0 7053761 0 67001340
1877 0 85439614 0 11345036 0 7057523 0 67037055
1878 0 85485218 0 11351133 0 7061315 0 67072770
1879 0 85530811 0 11357258 0 7065068 0 67108485
1880 0 85575967 0 11363264 0 7068503 0 67144200
1881 0 85621435 0 11369386 0 7072134 0 67179915
1882 0 85667059 0 11375418 0 7076011 0 67215630
1883 0 85712519 0 11381451 0 7079723 0 67251345
1884 0 85758055 0 11387471 0 7083524 0 67287060
1885 0 85803508 0 11393514 0 7087219 0 67322775
1886 0 85848992 0 11399511 0 7090991 0 67358490
1887 0 85894648 0 11405690 0 7094753 0 67394205
1888 0 85940275 0 11411733 0 7098622 0 67429920
1889 0 85985902 0 11417803 0 7102464 0 67465635
1890 0 86031408 0 11423926 0 7106132 0 67501350
1891 0 86076819 0 11429903 0 7109851 0 67537065
1892 0 86122367 0 11436015 0 7113572 0 67572780
1893 0 86167809 0 11442099 0 7117215 0 67608495
1894 0 86213274 0 11448196 0 7120868 0 67644210
1895 0 86258875 0 11454335 0 7124615 0 67679925
1896 0 86304078 0 11460271 0 7128167 0 67715640
1897 0 86349591 0 11466334 0 7131902 0 67751355
1898 0 86395297 0 11472407 0 7135820 0 67787070
1899 0 86441073 0 11478507 0 7139781 0 67822785
1900 0 86486476 0 11484388 0 7143588 0 67858500
1901 0 86531919 0 11490343 0 7147361 0 67894215
1902 0 86577482 0 11496311 0 7151241 0 67929930
1903 0 86623232 0 11502332 0 7155255 0 67965645
1904 0 86668855 0 11508201 0 7159294 0 68001360
1905 0 86714571 0 11514200 0 7163296 0 68037075
1906 0 86760306 0 11520327 0 7167189 0 68072790
1907 0 86805833 0 11526448 0 7170880 0 68108505
1908 0 86851285 0 11532436 0 7174629 0 68144220
1909 0 86896682 0 11538335 0 7178412 0 68179935
1910 0 86942077 0 11544384 0 7182043 0 68215650
1911 0 86987477 0 11550385 0 7185727 0 68251365
1912 0 87033396 0 11556540 0 7189776 0 68287080
1913 0 87078756 0 11562611 0 7193350 0 68322795
1914 0 87124071 0 11568700 0 7196861 0 68358510
1915 0 87169686 0 11574637 0 7200824 0 68394225
1916 0 87214960 0 11580638 0 7204382 0 68429940
1917 0 87260597 0 11586800 0 7208142 0 68465655
1918 0 87305875 0 11592718 0 7211787 0 68501370
1919 0 87351784 0 11598818 0 7215881 0 68537085
1920 0 87397081 0 11604776 0 7219505 0 68572800
1921 0 87442665 0 11610886 0 7223264 0 68608515
1922 0 87488013 0 11616903 0 7226880 0 68644230
1923 0 87533245 0 11622924 0 7230376 0 68679945
1924 0 87578574 0 11629057 0 7233857 0 68715660
1925 0 87623778 0 11635104 0 7237299 0 68751375
1926 0 87669115 0 11641175 0 7240850 0 68787090
1927 0 87714696 0 11647262 0 7244629 0 68822805
1928 0 87760282 0 11653286 0 7248476 0 68858520
1929 0 87805686 0 11659257 0 7252194 0 68894235
1930 0 87851298 0 11665247 0 7256101 0 68929950
1931 0 87896635 0 11671256 0 7259714 0 68965665
1932 0 87942260 0 11677335 0 7263545 0 69001380
1933 0 87988079 0 11683532 0 7267452 0 69037095
1934 0 88033731 0 11689542 0 7271379 0 69072810
1935 0 88079029 0 11695490 0 7275014 0 69108525
1936 0 88124176 0 11701505 0 7278431 0 69144240
1937 0 88169538 0 11707532 0 7282051 0 69179955
1938 0 88214840 0 11713584 0 7285586 0 69215670
1939 0 88260612 0 11719743 0 7289484 0 69251385
1940 0 88306368 0 11725834 0 7293434 0 69287100
1941 0 88351928 0 11731811 0 7297302 0 69322815
1942 0 88397428 0 11737814 0 7301084 0 69358530
1943 0 88442675 0 11743790 0 7304640 0 69394245
1944 0 88488124 0 11749829 0 7308335 0 69429960
1945 0 88533831 0 11755895 0 7312261 0 69465675
1946 0 88579721 0 11761943 0 7316388 0 69501390
1947 0 88624709 0 11767845 0 7319759 0 69537105
1948 0 88670263 0 11773922 0 7323521 0 69572820
1949 0 88715703 0 11779998 0 7327170 0 69608535
1950 0 88761068 0 11785904 0 7330914 0 69644250
1951 0 88806582 0 11791892 0 7334725 0 69679965
1952 0 88852330 0 11798009 0 7338641 0 69715680
1953 0 88897369 0 11804063 0 7341911 0 69751395
1954 0 88942760 0 11810078 0 7345572 0 69787110
1955 0 88988698 0 11816254 0 7349619 0 69822825
1956 0 89033970 0 11822280 0 7353150 0 69858540
1957 0 89078866 0 11826515 0 7368096 0 69894255
1958 0 89134572 0 11832497 0 7372105 0 69929970
1959 0 89180282 0 11838518 0 7376079 0 69965685
1960 0 89225892 0 11844488 0 7380004 0 70001400
1961 0 89271384 0 11850539 0 7383730 0 70037115
1962 0 89316820 0 11856473 0 7387517 0 70072830
1963 0 89362349 0 11862405 0 7391399 0 70108545
1964 0 89408053 0 11868587 0 7395206 0 70144260
1965 0 89453690 0 11874568 0 7399147 0 70179975
1966 0 89499091 0 11880521 0 7402880 0 70215690
1967 0 89544720 0 11886579 0 7406736 0 70251405
1968 0 89590037 0 11892415 0 7410502 0 70287120
1969 0 89635498 0 11898422 0 7414241 0 70322835
1970 0 89681017 0 11904468 0 7417999 0 70358550
1971 0 89726445 0 11910497 0 7421683 0 70394265
1972 0 89772039 0 11916453 0 7425606 0 70429980
1973 0 89817528 0 11922539 0 7429294 0 70465695
1974 0 89862933 0 11928430 0 7433093 0 70501410
1975 0 89908480 0 11934532 0 7436823 0 70537125
1976 0 89954271 0 11940582 0 7440849 0 70572840
1977 0 89999772 0 11946697 0 7444520 0 70608555
1978 0 90045190 0 11952737 0 7448183 0 70644270
1979 0 90090648 0 11958771 0 7451892 0 70679985
1980 0 90136139 0 11964775 0 7455664 0 70715700
1981 0 90181611 0 11970727 0 7459469 0 70751415
1982 0 90227197 0 11976800 0 7463267 0 70787130
1983 0 90272780 0 11982839 0 7467096 0 70822845
1984 0 90318372 0 11988961 0 7470851 0 70858560
1985 0 90363778 0 11995050 0 7474453 0 70894275
1986 0 90409421 0 12001087 0 7478344 0 70929990
1987 0 90454909 0 12007069 0 7482135 0 70965705
1988 0 90500223 0 12013067 0 7485736 0 71001420
1989 0 90545965 0 12019194 0 7489636 0 71037135
1990 0 90591279 0 12025127 0 7493302 0 71072850
1991 0 90636689 0 12031085 0 7497039 0 71108565
1992 0 90682233 0 12037092 0 7500861 0 71144280
1993 0 90727778 0 12043201 0 7504582 0 71179995
1994 0 90773163 0 12049219 0 7508234 0 71215710
1995 0 90818633 0 12055129 0 7512079 0 71251425
1996 0 90864084 0 12061127 0 7515817 0 71287140
1997 0 90909300 0 12067076 0 7519369 0 71322855
1998 0 90955161 0 12073273 0 7523318 0 71358570
1999 0 91000514 0 12079198 0 7527031 0 71394285
2000 0 91045825 0 12085210 0 7530615 0 71430000
2001 0 91091420 0 12091334 0 7534371 0 71465715
2002 0 91137033 0 12097433 0 7538170 0 71501430
2003 0 91182388 0 12103338 0 7541905 0 71537145
2004 0 91227838 0 12109360 0 7545618 0 71572860
2005 0 91273322 0 12115374 0 7549373 0 71608575
2006 0 91318943 0 12121413 0 7553240 0 71644290
2007 0 91364569 0 12127394 0 7557170 0 71680005
2008 0 91410247 0 12133480 0 7561047 0 71715720
2009 0 91455601 0 12139574 0 7564592 0 71751435
2010 0 91500962 0 12145559 0 7568253 0 71787150
2011 0 91546604 0 12151651 0 7572088 0 71822865
2012 0 91592217 0 12157695 0 7575942 0 71858580
2013 0 91637554 0 12163633 0 7579626 0 71894295
2014 0 91682930 0 12169655 0 7583265 0 71930010
2015 0 91728244 0 12175555 0 7586964 0 71965725
2016 0 91773548 0 12181539 0 7590569 0 72001440
2017 0 91818889 0 12187456 0 7594278 0 72037155
2018 0 91864255 0 12193576 0 7597809 0 72072870
2019 0 91909873 0 12199626 0 7601662 0 72108585
2020 0 91955382 0 12205653 0 7605429 0 72144300
2021 0 92001087 0 12211746 0 7609326 0 72180015
2022 0 92046597 0 12217870 0 7612997 0 72215730
2023 0 92091941 0 12223939 0 7616557 0 72251445
2024 0 92137438 0 12229865 0 7620413 0 72287160
2025 0 92183133 0 12235939 0 7624319 0 72322875
2026 0 92228712 0 12241870 0 7628252 0 72358590
2027 0 92274046 0 12247922 0 7631819 0 72394305
2028 0 92319562 0 12254052 0 7635490 0 72430020
2029 0 92364891 0 12260107 0 7639049 0 72465735
2030 0 92410353 0 12266101 0 7642802 0 72501450
2031 0 92455804 0 12272084 0 7646555 0 72537165
2032 0 92501382 0 12278274 0 7650228 0 72572880
2033 0 92546727 0 12284198 0 7653934 0 72608595
2034 0 92592120 0 12290349 0 7657461 0 72644310
2035 0 92637707 0 12296421 0 7661261 0 72680025
2036 0 92683248 0 12302429 0 7665079 0 72715740
2037 0 92728649 0 12308412 0 7668782 0 72751455
2038 0 92773878 0 12314344 0 7672364 0 72787170
2039 0 92819569 0 12320402 0 7676282 0 72822885
2040 0 92865046 0 12326378 0 7680068 0 72858600
2041 0 92910414 0 12332235 0 7683864 0 72894315
2042 0 92955727 0 12338194 0 7657499 0 72930030
2043 0 92971911 0 12344917 0 7661249 0 72965745
2044 0 93017590 0 12351131 0 7664999 0 73001460
2045 0 93062975 0 12357051 0 7668749 0 73037175
2046 0 93108355 0 12362966 0 7672499 0 73072890
2047 0 93153902 0 12369048 0 7676249 0 73108605
2048 0 93199404 0 12375085 0 7679999 0 73144320
2049 0 93244921 0 12381137 0 7683749 0 73180035
2050 0 93290462 0 12387213 0 7687499 0 73215750
2051 0 93336195 0 12393481 0 7691249 0 73251465
2052 0 93381589 0 12399410 0 7694999 0 73287180
2053 0 93427054 0 12405410 0 7698749 0 73322895
2054 0 93472514 0 12411405 0 7702499 0 73358610
2055 0 93518051 0 12417477 0 7706249 0 73394325
2056 0 93563547 0 12423508 0 7709999 0 73430040
2057 0 93609030 0 12429526 0 7713749 0 73465755
2058 0 93654467 0 12435498 0 7717499 0 73501470
2059 0 93699924 0 12441490 0 7721249 0 73537185
2060 0 93745415 0 12447516 0 7724999 0 73572900
2061 0 93791007 0 12453643 0 7728749 0 73608615
2062 0 93836491 0 12459662 0 7732499 0 73644330
2063 0 93881986 0 12465692 0 7736249 0 73680045
2064 0 93927574 0 12471815 0 7739999 0 73715760
2065 0 93973221 0 12477997 0 7743749 0 73751475
2066 0 94018686 0 12483997 0 7747499 0 73787190
2067 0 94064047 0 12489893 0 7751249 0 73822905
2068 0 94109621 0 12496002 0 7754999 0 73858620
2069 0 94154890 0 12501806 0 7758749 0 73894335
2070 0 94200443 0 12507894 0 7762499 0 73930050
2071 0 94245924 0 12513910 0 7766249 0 73965765
2072 0 94291447 0 12519968 0 7769999 0 74001480
2073 0 94336857 0 12525913 0 7773749 0 74037195
2074 0 94382336 0 12531927 0 7777499 0 74072910
2075 0 94427870 0 12537996 0 7781249 0 74108625
2076 0 94473426 0 12544087 0 7784999 0 74144340
2077 0 94518856 0 12550052 0 7788749 0 74180055
2078 0 94564303 0 12556034 0 7792499 0 74215770
2079 0 94609780 0 12562046 0 7796249 0 74251485
2080 0 94655216 0 12568017 0 7799999 0 74287200
2081 0 94700725 0 12574061 0 7803749 0 74322915
2082 0 94746297 0 12580168 0 7807499 0 74358630
2083 0 94791676 0 12586082 0 7811249 0 74394345
2084 0 94837268 0 12592209 0 7814999 0 74430060
2085 0 94882822 0 12598298 0 7818749 0 74465775
2086 0 94928230 0 12604241 0 7822499 0 74501490
2087 0 94973755 0 12610301 0 7826249 0 74537205
2088 0 95019272 0 12616353 0 7829999 0 74572920
2089 0 95064751 0 12622367 0 7833749 0 74608635
2090 0 95110321 0 12628472 0 7837499 0 74644350
2091 0 95155761 0 12634447 0 7841249 0 74680065
2092 0 95201259 0 12640480 0 7844999 0 74715780
2093 0 95246737 0 12646493 0 7848749 0 74751495
2094 0 95292492 0 12652783 0 7852499 0 74787210
2095 0 95337986 0 12658812 0 7856249 0 74822925
2096 0 95383403 0 12664764 0 7859999 0 74858640
2097 0 95428883 0 12670779 0 7863749 0 74894355
2098 0 95474465 0 12676896 0 7867499 0 74930070
2099 0 95519920 0 12682886 0 7871249 0 74965785
2100 0 95565407 0 12688908 0 7874999 0 75001500
2101 0 95610851 0 12694887 0 7878749 0 75037215
2102 0 95656375 0 12700946 0 7882499 0 75072930
2103 0 95701909 0 12707015 0 7886249 0 75108645
2104 0 95747230 0 12712871 0 7889999 0 75144360
2105 0 95792736 0 12718912 0 7893749 0 75180075
2106 0 95838137 0 12724848 0 7897499 0 75215790
2107 0 95883691 0 12730937 0 7901249 0 75251505
2108 0 95929275 0 12737056 0 7904999 0 75287220
2109 0 95974691 0 12743007 0 7908749 0 75322935
2110 0 96020337 0 12749188 0 7912499 0 75358650
2111 0 96065738 0 12755124 0 7916249 0 75394365
2112 0 96111166 0 12761087 0 7919999 0 75430080
2113 0 96156567 0 12767023 0 7923749 0 75465795
2114 0 96202086 0 12773077 0 7927499 0 75501510
2115 0 96247735 0 12779261 0 7931249 0 75537225
2116 0 96293283 0 12785344 0 7934999 0 75572940
2117 0 96338706 0 12791302 0 7938749 0 75608655
2118 0 96384213 0 12797344 0 7942499 0 75644370
2119 0 96429672 0 12803338 0 7946249 0 75680085
2120 0 96475050 0 12809251 0 7949999 0 75715800
2121 0 96520534 0 12815270 0 7953749 0 75751515
2122 0 96566051 0 12821322 0 7957499 0 75787230
2123 0 96611506 0 12827312 0 7961249 0 75822945
2124 0 96657083 0 12833424 0 7964999 0 75858660
2125 0 96702524 0 12839400 0 7968749 0 75894375
2126 0 96748084 0 12845495 0 7972499 0 75930090
2127 0 96793621 0 12851567 0 7976249 0 7596