100 0.00496633 0.00275247 0.00571613 0.00190708
150 0.00446478 0.00292352 0.00500854 0.00220589
200 0.00393563 0.00308624 0.00426014 0.00254508
250 0.00336553 0.0032367 0.0034523 0.00293274
300 0.0028109 0.00335374 0.00266435 0.00333965
350 0.0024523 0.00344552 0.00215569 0.00358884
400 0.00226635 0.00351042 0.00189339 0.00369837
450 0.00214488 0.00356751 0.00172312 0.00375365
500 0.00210462 0.00358489 0.00166826 0.00376489
550 0.00210448 0.00358496 0.00166807 0.00376494
600 0.00210448 0.00358496 0.00166807 0.00376494
