1 0.00118475 0.000451168 0.00142087 0.000291825
2 0.000890678 0.000391071 0.00105364 0.000236121
3 0.00102058 0.000420137 0.00121466 0.000253951
4 0.00103775 0.000410216 0.00123814 0.000249336
5 0.00104549 0.000417115 0.00124735 0.000251071
6 0.00107316 0.000428005 0.00128104 0.000259036
7 0.001046 0.000426507 0.00124666 0.000256478
8 0.00106787 0.000424491 0.0012752 0.000256731
9 0.00105658 0.000422102 0.00126097 0.000254242
10 0.00104631 0.000422127 0.00124764 0.000254262
11 0.00106311 0.000424964 0.00126894 0.000256279
12 0.00104243 0.000421791 0.00124279 0.000253879
13 0.00103446 0.000421315 0.00123237 0.00025291
14 0.00105368 0.00043146 0.00125507 0.000259192
15 0.00107775 0.000432746 0.00128574 0.000261452
16 0.00107658 0.000429775 0.00128473 0.000260677
17 0.00109859 0.000433394 0.00131252 0.000263086
18 0.00110504 0.00043443 0.00132037 0.000264639
19 0.00108047 0.000427992 0.0012901 0.000260121
20 0.0010644 0.000425291 0.0012701 0.000257205
21 0.00106192 0.000423842 0.00126695 0.000256518
22 0.00106044 0.000425211 0.0012648 0.000256774
23 0.00104592 0.000421614 0.0012467 0.000253921
24 0.00104182 0.000421736 0.00124132 0.000253558
25 0.00103353 0.000419635 0.00123103 0.000251965
26 0.0010362 0.000419235 0.00123444 0.000251667
27 0.00103618 0.000418027 0.00123454 0.000250461
28 0.00103759 0.00041803 0.00123652 0.000250657
29 0.00103655 0.000418524 0.00123507 0.000250797
30 0.00103287 0.000416838 0.00123073 0.000249388
31 0.00102838 0.000413566 0.00122567 0.000247932
32 0.00102748 0.000412994 0.00122459 0.000247794
33 0.00103125 0.000413485 0.00122936 0.000248744
34 0.00102621 0.000412977 0.00122296 0.000247684
35 0.00102982 0.000416184 0.00122701 0.000249449
36 0.00103482 0.000416101 0.00123348 0.000249692
37 0.00104731 0.000420148 0.0012487 0.000252674
38 0.00105561 0.000422394 0.00125888 0.000253933
39 0.00105042 0.000421657 0.00125245 0.000253187
40 0.00105363 0.000420493 0.00125686 0.00025262
41 0.00105291 0.000420384 0.001256 0.000252576
42 0.00105169 0.000419145 0.00125469 0.000251629
43 0.00105524 0.000420772 0.00125894 0.00025254
44 0.00105411 0.000420661 0.00125744 0.000252606
45 0.00105521 0.000420786 0.00125884 0.000252907
46 0.0010571 0.000421025 0.00126118 0.000252975
47 0.00106096 0.000421352 0.0012661 0.000253537
48 0.00105825 0.000420588 0.00126287 0.000252784
49 0.00105573 0.000419838 0.00125977 0.000252221
50 0.0010512 0.000419264 0.00125404 0.000251943
51 0.0010474 0.000418635 0.0012492 0.000251536
52 0.00104416 0.000417078 0.00124527 0.00025033
53 0.00104565 0.000417453 0.00124718 0.000250788
54 0.00104787 0.000417966 0.00124986 0.000251178
55 0.00105198 0.000418754 0.00125504 0.000251737
56 0.00104916 0.000418089 0.00125157 0.000251147
57 0.00104745 0.000417885 0.00124937 0.000250788
58 0.00104689 0.00041749 0.00124881 0.000250201
59 0.00104249 0.000416383 0.00124333 0.000249358
60 0.00104065 0.000415464 0.00124112 0.000248701
61 0.00104444 0.000416012 0.00124589 0.000249042
62 0.00104071 0.000414875 0.00124131 0.000248168
63 0.00103561 0.000413557 0.00123503 0.000247264
64 0.00103788 0.000414212 0.00123779 0.000247591
65 0.00103835 0.000413688 0.0012385 0.000247416
66 0.00104077 0.000414735 0.00124142 0.000248117
67 0.00104189 0.00041484 0.00124283 0.00024831
68 0.00104305 0.000415031 0.00124428 0.000248189
69 0.00104186 0.000415012 0.00124273 0.000247971
70 0.00104317 0.000415731 0.00124429 0.00024823
71 0.00104505 0.000416322 0.00124661 0.000248508
72 0.0010446 0.000415864 0.0012461 0.00024824
73 0.00104821 0.000415833 0.00125072 0.000248318
74 0.00104909 0.000416093 0.00125175 0.00024858
75 0.00104759 0.000415916 0.00124984 0.000248233
76 0.00105045 0.000417271 0.00125328 0.000248869
77 0.00105072 0.000417019 0.00125366 0.000248792
78 0.00105037 0.000417248 0.00125318 0.00024878
79 0.0010509 0.000417419 0.00125387 0.000248947
80 0.00105277 0.000417495 0.00125623 0.000248986
81 0.00105663 0.000418272 0.00126099 0.000249548
82 0.00105762 0.000417803 0.00126232 0.000249332
83 0.00105529 0.000416981 0.00125946 0.000248862
84 0.00105805 0.000417597 0.00126289 0.000249423
85 0.00106037 0.000418284 0.00126573 0.000249547
86 0.001059 0.000418103 0.00126402 0.000249265
87 0.00105905 0.000418001 0.0012641 0.000249177
88 0.00106226 0.000418764 0.00126812 0.000249519
89 0.00106207 0.000418866 0.00126783 0.000249527
90 0.00105964 0.00041851 0.00126478 0.000249111
91 0.0010567 0.000418102 0.00126111 0.000248525
92 0.00105475 0.000417677 0.00125872 0.000248112
93 0.00105281 0.00041742 0.00125629 0.00024776
94 0.00105552 0.000417738 0.00125974 0.000248064
95 0.00105312 0.00041712 0.00125673 0.000247685
96 0.00105197 0.000416339 0.00125542 0.000247237
97 0.00104928 0.000415573 0.00125213 0.000246628
98 0.00104881 0.000415995 0.00125142 0.000246671
99 0.00105062 0.000416835 0.00125357 0.000247232
100 0.00104829 0.000416365 0.0012507 0.00024691
101 0.0010464 0.000416116 0.00124831 0.000246696
102 0.00104746 0.000416453 0.00124961 0.000246886
103 0.00104616 0.000415915 0.00124806 0.000246554
104 0.00104362 0.000415183 0.00124497 0.000245996
105 0.00104616 0.000415531 0.00124811 0.000246271
106 0.00104377 0.000415034 0.00124514 0.000245944
107 0.00104502 0.000414914 0.00124677 0.000245824
108 0.00104252 0.000414536 0.00124362 0.000245659
109 0.00104066 0.000414126 0.00124131 0.000245355
110 0.00104022 0.000414095 0.00124076 0.000245127
111 0.00103909 0.000413603 0.00123941 0.000244772
112 0.00103748 0.000413158 0.00123742 0.000244447
113 0.00103649 0.000412858 0.00123619 0.000244302
114 0.00103606 0.000412788 0.00123566 0.000244134
115 0.00103715 0.000412679 0.00123707 0.00024413
116 0.00103675 0.00041246 0.00123658 0.000244098
117 0.00103647 0.000412638 0.00123622 0.000244249
118 0.00103679 0.000412517 0.00123668 0.000244171
119 0.00103695 0.000412961 0.00123682 0.000244386
120 0.00103931 0.000413807 0.00123973 0.0002447
121 0.00104067 0.000414401 0.00124134 0.000245094
122 0.00104084 0.000414574 0.00124156 0.000245235
123 0.00103831 0.000413722 0.0012385 0.000244704
124 0.00103786 0.000413655 0.00123797 0.000244692
125 0.00103554 0.000413397 0.00123504 0.000244324
126 0.00103426 0.000413305 0.00123345 0.000244214
127 0.00103328 0.00041344 0.00123215 0.000244085
128 0.0010328 0.000413239 0.00123155 0.000243915
129 0.00103209 0.000413132 0.00123064 0.000243833
130 0.0010333 0.000413313 0.00123217 0.000244061
131 0.00103381 0.000413264 0.00123282 0.000243995
132 0.001038 0.000414047 0.00123802 0.000244483
133 0.00103699 0.000413334 0.00123684 0.000244193
134 0.00103543 0.000413223 0.00123486 0.000244073
135 0.00103416 0.000412905 0.00123326 0.000243775
136 0.00103319 0.000413069 0.00123197 0.00024367
137 0.00103243 0.000412893 0.00123105 0.000243477
138 0.0010316 0.000412691 0.00123004 0.000243397
139 0.00103324 0.000413206 0.00123208 0.000243574
140 0.0010332 0.000413053 0.00123208 0.00024355
141 0.00103248 0.000413164 0.00123113 0.000243641
142 0.0010337 0.000413125 0.0012327 0.000243724
143 0.00103447 0.00041306 0.00123367 0.000243772
144 0.00103954 0.000414617 0.0012399 0.00024474
145 0.00103775 0.000414226 0.00123767 0.000244374
146 0.0010389 0.000414207 0.00123914 0.000244477
147 0.0010375 0.000413814 0.00123742 0.000244205
148 0.00103871 0.000414358 0.00123886 0.000244616
149 0.00103903 0.000414018 0.00123932 0.000244531
150 0.00104055 0.000413951 0.00124133 0.000244472
151 0.00103943 0.000413991 0.00123991 0.000244283
152 0.00103872 0.000413812 0.00123901 0.000244182
153 0.00103977 0.000414482 0.00124023 0.000244489
154 0.00103959 0.000414352 0.00123999 0.00024436
155 0.00103744 0.00041386 0.00123735 0.000243949
156 0.00103772 0.00041386 0.00123773 0.000244022
157 0.0010388 0.000414109 0.00123908 0.000244313
158 0.00103906 0.000413706 0.0012395 0.000244074
159 0.00103953 0.000413909 0.00124007 0.000244267
160 0.00103914 0.0004138 0.00123962 0.000244066
161 0.00103829 0.000413618 0.00123855 0.000243959
162 0.00103704 0.000413135 0.00123704 0.00024363
163 0.00103657 0.000412971 0.00123645 0.000243606
164 0.00103713 0.00041314 0.00123715 0.000243738
165 0.0010379 0.000413351 0.00123808 0.00024395
166 0.00103842 0.000413662 0.00123869 0.000244134
167 0.00104143 0.000414317 0.0012424 0.000244584
168 0.00104107 0.000414127 0.00124197 0.000244575
169 0.00104091 0.000414137 0.00124176 0.000244621
170 0.00104244 0.000414211 0.00124374 0.000244717
171 0.00104291 0.000414336 0.00124433 0.000244786
172 0.00104186 0.00041426 0.001243 0.000244739
173 0.0010424 0.000414456 0.00124365 0.000244918
174 0.00104592 0.000415455 0.00124798 0.000245517
175 0.00104457 0.00041515 0.0012463 0.000245269
176 0.00104501 0.000414961 0.0012469 0.000245254
177 0.00104437 0.00041475 0.00124608 0.000245154
178 0.00104714 0.000415501 0.0012495 0.000245561
179 0.0010462 0.000415352 0.00124833 0.000245487
180 0.00105101 0.000416067 0.00125438 0.000246107
181 0.00105071 0.000416044 0.00125401 0.000246159
182 0.00105055 0.000416345 0.00125374 0.00024632
183 0.00104992 0.000416157 0.00125296 0.000246218
184 0.00104946 0.000415826 0.00125243 0.00024608
185 0.00104962 0.000415982 0.0012526 0.000246261
186 0.00104895 0.000415934 0.00125176 0.00024617
187 0.00105013 0.000416008 0.00125324 0.000246304
188 0.00104943 0.000415958 0.00125235 0.000246295
189 0.00104944 0.000416173 0.00125235 0.00024647
190 0.00104989 0.000416135 0.00125295 0.000246464
191 0.00104852 0.000415932 0.00125122 0.000246306
192 0.001047 0.000415649 0.00124934 0.000246143
193 0.00104691 0.000415731 0.00124919 0.000246209
194 0.00104873 0.000416022 0.00125146 0.000246418
195 0.00104929 0.00041607 0.00125216 0.000246468
196 0.00104933 0.000416261 0.00125216 0.000246547
197 0.00105035 0.000416683 0.00125342 0.000246761
198 0.00105074 0.000416659 0.00125394 0.000246738
199 0.00105302 0.000417686 0.00125668 0.000247321
200 0.00105235 0.000417662 0.00125583 0.000247249
201 0.00105244 0.000417618 0.00125595 0.000247252
202 0.00105443 0.000417813 0.00125844 0.000247423
203 0.0010534 0.00041751 0.00125719 0.000247198
204 0.00105379 0.000417705 0.00125767 0.000247311
205 0.0010546 0.000417804 0.00125871 0.0002474
206 0.00105427 0.000417514 0.00125835 0.000247268
207 0.00105514 0.000417696 0.00125943 0.000247464
208 0.00105589 0.000417763 0.00126039 0.000247543
209 0.00105666 0.000417675 0.00126139 0.000247579
210 0.00105609 0.000417702 0.00126065 0.000247578
211 0.00105626 0.000417659 0.00126087 0.000247672
212 0.00105596 0.000417819 0.00126046 0.000247587
213 0.0010554 0.000417655 0.00125979 0.000247505
214 0.00105542 0.000417973 0.00125975 0.000247687
215 0.001055 0.000417977 0.00125921 0.000247692
216 0.0010553 0.000417906 0.0012596 0.000247698
217 0.0010545 0.000417741 0.00125863 0.000247573
218 0.00105701 0.000417952 0.00126182 0.000247816
219 0.00105619 0.00041788 0.00126078 0.000247713
220 0.00105675 0.000418215 0.00126145 0.00024786
221 0.00105606 0.000418112 0.0012606 0.000247765
222 0.00105556 0.000417956 0.00126 0.000247677
223 0.0010562 0.000417786 0.00126086 0.000247594
224 0.00105685 0.000418003 0.00126165 0.000247718
225 0.0010572 0.000418138 0.00126209 0.000247786
226 0.00105779 0.0004181 0.00126283 0.000247842
227 0.00105822 0.000418128 0.00126338 0.000247892
228 0.00105729 0.000417859 0.00126227 0.000247733
229 0.00105765 0.000417814 0.00126272 0.000247743
230 0.00105732 0.00041775 0.00126231 0.000247646
231 0.00105741 0.000417725 0.00126243 0.000247695
232 0.0010567 0.000417524 0.00126156 0.000247531
233 0.00105715 0.00041754 0.00126212 0.00024752
234 0.00105882 0.000417767 0.00126424 0.000247729
235 0.00105895 0.00041751 0.00126445 0.000247614
236 0.00105852 0.000417221 0.00126395 0.000247494
237 0.00105859 0.000417541 0.00126399 0.000247549
238 0.00105901 0.000417741 0.00126447 0.000247599
239 0.00105896 0.000417599 0.00126444 0.000247607
240 0.00105949 0.000417645 0.00126511 0.000247632
241 0.00105845 0.000417497 0.0012638 0.000247498
242 0.001059 0.000417622 0.00126446 0.000247554
243 0.00105944 0.000417797 0.00126498 0.000247681
244 0.00105871 0.000417504 0.0012641 0.000247478
245 0.00105887 0.000417552 0.00126427 0.000247463
246 0.00105895 0.000417743 0.00126433 0.000247557
247 0.00105834 0.000417672 0.00126358 0.000247495
248 0.00105821 0.000417801 0.00126338 0.00024749
249 0.00105744 0.00041767 0.00126241 0.000247385
250 0.00105701 0.000417601 0.00126187 0.000247294
251 0.00105729 0.00041752 0.00126223 0.000247276
252 0.00105705 0.000417456 0.00126195 0.00024726
253 0.00105797 0.000417772 0.00126307 0.000247485
254 0.00105771 0.000417565 0.00126278 0.00024734
255 0.00105906 0.000418135 0.00126443 0.000247685
256 0.0010585 0.000418046 0.00126373 0.000247631
257 0.00105833 0.000417786 0.00126356 0.000247455
258 0.00105983 0.000417942 0.00126546 0.000247552
259 0.00105865 0.000417632 0.00126401 0.00024737
260 0.00105875 0.000417613 0.00126415 0.000247345
261 0.001058 0.000417398 0.00126321 0.000247193
262 0.0010573 0.000417074 0.00126237 0.000247033
263 0.00105599 0.000416635 0.00126078 0.000246778
264 0.0010572 0.000416983 0.00126227 0.000246919
265 0.0010569 0.000416884 0.0012619 0.000246845
266 0.00105645 0.000416812 0.00126133 0.000246823
267 0.00105738 0.000416954 0.00126248 0.000247034
268 0.00105703 0.000416811 0.00126207 0.000247011
269 0.0010568 0.000416725 0.00126179 0.000246958
270 0.00105769 0.000416664 0.00126294 0.000246944
271 0.00105809 0.000416803 0.00126344 0.000247029
272 0.00105965 0.000417269 0.00126537 0.000247297
273 0.00105972 0.000417316 0.00126544 0.00024732
274 0.00105944 0.000417316 0.00126507 0.000247255
275 0.00105991 0.000417367 0.00126567 0.000247339
276 0.00105912 0.000417234 0.00126468 0.000247217
277 0.00105966 0.000417347 0.00126534 0.00024731
278 0.00106041 0.000417681 0.00126622 0.000247527
279 0.00106033 0.000417628 0.00126613 0.000247489
280 0.00106056 0.000417646 0.00126641 0.00024754
281 0.00105942 0.000417458 0.00126495 0.000247349
282 0.00105912 0.000417507 0.00126459 0.000247336
283 0.00105817 0.000417299 0.00126339 0.000247239
284 0.0010586 0.000417497 0.0012639 0.00024738
285 0.00105999 0.000417814 0.00126563 0.000247486
286 0.00105977 0.00041778 0.00126537 0.000247443
287 0.00106041 0.000418137 0.0012661 0.00024769
288 0.00106051 0.000418313 0.0012662 0.000247697
289 0.00105982 0.000418216 0.0012653 0.000247588
290 0.0010603 0.000418297 0.00126592 0.000247636
291 0.00106003 0.000418336 0.00126557 0.000247604
292 0.00106013 0.00041829 0.00126571 0.000247572
293 0.00106032 0.000418605 0.00126589 0.000247709
294 0.00106011 0.000418676 0.0012656 0.000247809
295 0.00105957 0.000418732 0.00126489 0.000247798
296 0.00105997 0.000418932 0.00126535 0.000247978
297 0.00105964 0.000418733 0.00126497 0.000247926
298 0.0010594 0.000418803 0.00126464 0.000247903
299 0.00105925 0.000418739 0.00126448 0.000247807
300 0.00105887 0.000418804 0.00126398 0.000247831
301 0.00105922 0.000418939 0.00126438 0.000247947
302 0.00105852 0.000418809 0.00126351 0.000247852
303 0.00105832 0.000418965 0.00126322 0.000247946
304 0.00105854 0.000419021 0.0012635 0.000247991
305 0.00105879 0.000419083 0.00126381 0.000248034
306 0.00105842 0.000419082 0.00126334 0.000248034
307 0.0010599 0.000419437 0.00126515 0.000248307
308 0.00105928 0.000419332 0.00126439 0.000248222
309 0.00106023 0.000419521 0.00126558 0.000248315
310 0.00105968 0.000419423 0.0012649 0.000248272
311 0.0010598 0.000419411 0.00126504 0.000248281
312 0.00106014 0.000419509 0.00126546 0.000248357
313 0.00106119 0.000419633 0.00126679 0.000248417
314 0.00106102 0.000419644 0.00126656 0.000248408
315 0.00106025 0.00041937 0.00126563 0.000248223
316 0.00105996 0.000419336 0.00126527 0.000248223
317 0.00105938 0.000419218 0.00126455 0.000248103
318 0.00105983 0.000419302 0.00126511 0.000248151
319 0.00106027 0.000419462 0.00126565 0.000248208
320 0.00106077 0.000419612 0.00126628 0.000248295
321 0.00106134 0.000419673 0.001267 0.000248362
322 0.00106154 0.000419693 0.00126725 0.000248405
323 0.00106121 0.000419689 0.00126684 0.000248437
324 0.00106073 0.000419627 0.00126621 0.000248391
325 0.00106058 0.000419568 0.00126602 0.000248347
326 0.00106041 0.000419573 0.00126579 0.000248352
327 0.00106123 0.000419644 0.00126684 0.000248407
328 0.00106168 0.000419984 0.00126734 0.000248655
329 0.00106274 0.000420104 0.00126869 0.000248721
330 0.0010615 0.000419844 0.00126716 0.0002485
331 0.00106105 0.000419713 0.00126661 0.000248451
332 0.00106172 0.000419756 0.00126746 0.000248511
333 0.00106128 0.000419732 0.0012669 0.000248455
334 0.00106041 0.000419529 0.00126584 0.000248323
335 0.0010605 0.000419427 0.00126596 0.000248299
336 0.00106027 0.000419455 0.00126566 0.000248299
337 0.00105989 0.000419316 0.0012652 0.000248197
338 0.00106123 0.000419579 0.00126688 0.00024839
339 0.00106245 0.000419907 0.00126838 0.000248632
340 0.00106163 0.000419681 0.00126738 0.000248488
341 0.0010612 0.000419633 0.00126683 0.000248473
342 0.00106059 0.000419408 0.0012661 0.000248352
343 0.00106106 0.000419403 0.0012667 0.000248366
344 0.00106038 0.000419302 0.00126583 0.000248255
345 0.00105962 0.000419081 0.0012649 0.000248082
346 0.00106009 0.000419198 0.00126548 0.000248144
347 0.00105965 0.00041911 0.00126493 0.000248069
348 0.00105952 0.000419228 0.00126474 0.00024818
349 0.00106015 0.000419184 0.00126556 0.000248211
350 0.00106035 0.000419256 0.00126581 0.000248237
351 0.00106004 0.000419265 0.00126542 0.000248251
352 0.00105997 0.000419355 0.00126532 0.000248279
353 0.00106084 0.000419571 0.00126638 0.000248445
354 0.00106071 0.000419567 0.0012662 0.000248452
355 0.0010601 0.000419374 0.00126546 0.000248362
356 0.00106024 0.000419456 0.00126562 0.000248419
357 0.00106114 0.000419692 0.00126675 0.000248554
358 0.00106108 0.00041975 0.00126665 0.000248578
359 0.0010613 0.000419585 0.00126697 0.000248589
360 0.00106123 0.000419481 0.00126689 0.000248548
361 0.00106051 0.000419424 0.00126597 0.000248466
362 0.00106003 0.000419258 0.00126539 0.000248336
363 0.00106158 0.000419595 0.00126731 0.00024863
364 0.00106171 0.000419629 0.00126746 0.00024866
365 0.00106158 0.000419661 0.00126728 0.000248637
366 0.0010622 0.000419773 0.00126805 0.000248755
367 0.00106195 0.000419684 0.00126774 0.000248635
368 0.0010617 0.00041959 0.00126744 0.000248532
369 0.00106162 0.000419536 0.00126735 0.000248506
370 0.00106145 0.000419443 0.00126715 0.000248476
371 0.00106288 0.000419719 0.00126894 0.000248695
372 0.00106288 0.000419742 0.00126895 0.000248625
373 0.00106355 0.000419745 0.0012698 0.000248684
374 0.001063 0.000419569 0.00126914 0.0002486
375 0.00106371 0.000419655 0.00127004 0.000248677
376 0.00106353 0.000419671 0.0012698 0.000248674
377 0.00106326 0.000419619 0.00126946 0.00024866
378 0.00106323 0.000419623 0.00126943 0.000248641
379 0.00106296 0.000419557 0.00126909 0.000248574
380 0.00106246 0.000419443 0.00126847 0.000248502
381 0.001064 0.000419716 0.0012704 0.000248679
382 0.00106399 0.000419848 0.00127036 0.00024876
383 0.00106413 0.000419892 0.00127052 0.000248821
384 0.00106417 0.000419867 0.00127058 0.000248816
385 0.0010657 0.000420266 0.00127247 0.000249084
386 0.00106539 0.000420155 0.0012721 0.000248981
387 0.00106577 0.000420218 0.00127256 0.000249044
388 0.00106585 0.000420095 0.00127268 0.00024902
389 0.00106598 0.000420147 0.00127284 0.000249051
390 0.00106576 0.000420012 0.00127259 0.000249015
391 0.00106612 0.000420295 0.00127299 0.000249171
392 0.00106672 0.000420335 0.00127376 0.000249221
393 0.00106592 0.000420183 0.00127276 0.000249103
394 0.0010664 0.000420208 0.00127337 0.000249149
395 0.00106604 0.000420198 0.00127292 0.000249132
396 0.00106646 0.000420217 0.00127345 0.000249163
397 0.00106681 0.000420401 0.00127387 0.00024924
398 0.00106686 0.000420353 0.00127394 0.000249206
399 0.00106735 0.000420549 0.00127454 0.000249304
400 0.00106757 0.000420586 0.00127482 0.000249315
401 0.00106754 0.000420651 0.00127476 0.000249345
402 0.00106708 0.00042056 0.00127419 0.000249227
403 0.00106733 0.000420569 0.00127451 0.000249272
404 0.00106769 0.000420654 0.00127496 0.000249333
405 0.00106786 0.000420636 0.00127519 0.000249269
406 0.00106756 0.000420619 0.0012748 0.000249253
407 0.0010674 0.000420651 0.00127459 0.000249255
408 0.00106687 0.000420546 0.00127393 0.000249207
409 0.00106753 0.000420742 0.00127474 0.000249301
410 0.00106675 0.000420596 0.00127378 0.000249183
411 0.00106603 0.000420333 0.0012729 0.000249061
412 0.00106647 0.00042032 0.00127347 0.000249101
413 0.00106625 0.000420188 0.00127322 0.000249049
414 0.0010665 0.000420226 0.00127353 0.000249034
415 0.00106602 0.000420154 0.00127293 0.000248982
416 0.00106557 0.000420029 0.00127239 0.0002